--------CONFIGURATION---------
Number of Particles       : 10
PSO Running Mode          : limitFV
Maximum Iteration         : 1
Target FV                 : 1
Global Best Position      : 5
Global Best Penalty Score : 8962.464883220726
Global Best Fitness Value : 1.1157644833534264E-4
Time Elapsed (in minutes) : 10
Particle 0: [13.0, 2.0],[13.0, 2.0],[4.0, 9.0],[4.0, 9.0],[49.0, 10.0],[49.0, 10.0],[0.0, 0.0],[0.0, 0.0],[0.0, 0.0],[0.0, 0.0],[0.0, 0.0],[0.0, 0.0],[0.0, 0.0],[46.0, 4.0],[46.0, 4.0],[2.0, 3.0],[2.0, 3.0],[3.0, 6.0],[3.0, 6.0],[0.0, 0.0],[0.0, 0.0],[0.0, 0.0],[0.0, 0.0],[7.0, 5.0],[7.0, 5.0],[38.0, 11.0],[38.0, 11.0],[0.0, 0.0],[51.0, 8.0],[51.0, 8.0],[0.0, 0.0],[0.0, 0.0],[0.0, 0.0],[0.0, 0.0],[0.0, 0.0],[0.0, 0.0],[0.0, 0.0],[0.0, 0.0],[14.0, 7.0],[14.0, 7.0],[0.0, 0.0],[0.0, 0.0],[0.0, 0.0],[0.0, 0.0],[0.0, 0.0],[0.0, 0.0],[0.0, 0.0],[22.0, 12.0],[0.0, 0.0],[0.0, 0.0],[46.0, 16.0],[0.0, 0.0],[53.0, 23.0],[26.0, 21.0],[26.0, 21.0],[17.0, 20.0],[17.0, 20.0],[52.0, 14.0],[29.0, 17.0],[29.0, 17.0],[44.0, 22.0],[44.0, 22.0],[51.0, 15.0],[51.0, 15.0],[45.0, 18.0],[45.0, 18.0],[38.0, 13.0],[38.0, 13.0],[25.0, 25.0],[25.0, 25.0],[25.0, 25.0],[20.0, 24.0],[20.0, 24.0],[20.0, 24.0],[42.0, 20.0],[0.0, 0.0],[25.0, 20.0],[45.0, 19.0],[45.0, 19.0],[47.0, 16.0],[47.0, 16.0],[0.0, 0.0],[1.0, 25.0],[0.0, 0.0],[46.0, 20.0],[0.0, 0.0],[38.0, 24.0],[24.0, 23.0],[24.0, 23.0],[47.0, 25.0],[47.0, 25.0],[7.0, 14.0],[7.0, 14.0],[7.0, 14.0],[7.0, 14.0],[27.0, 24.0],[27.0, 24.0],[0.0, 0.0],[0.0, 0.0],[14.0, 37.0],[0.0, 0.0],[19.0, 38.0],[5.0, 29.0],[5.0, 29.0],[0.0, 0.0],[48.0, 28.0],[28.0, 34.0],[7.0, 36.0],[7.0, 36.0],[4.0, 32.0],[4.0, 32.0],[29.0, 30.0],[29.0, 30.0],[29.0, 26.0],[29.0, 26.0],[43.0, 31.0],[43.0, 31.0],[0.0, 0.0],[47.0, 35.0],[42.0, 33.0],[30.0, 28.0],[30.0, 28.0],[34.0, 35.0],[22.0, 28.0],[22.0, 28.0],[22.0, 28.0],[24.0, 27.0],[24.0, 27.0],[20.0, 38.0],[20.0, 38.0],[18.0, 35.0],[18.0, 35.0],[18.0, 35.0],[37.0, 34.0],[37.0, 34.0],[0.0, 0.0],[5.0, 37.0],[5.0, 37.0],[10.0, 33.0],[10.0, 33.0],[0.0, 0.0],[43.0, 34.0],[43.0, 34.0],[0.47, 35.0],[0.47, 35.0],[24.0, 33.0],[24.0, 33.0],[0.0, 0.0],[53.0, 45.0],[0.0, 0.0],[34.0, 48.0],[8.0, 39.0],[8.0, 39.0],[36.0, 51.0],[0.0, 0.0],[26.0, 42.0],[43.0, 43.0],[43.0, 43.0],[38.0, 40.0],[38.0, 40.0],[10.0, 47.0],[10.0, 47.0],[18.0, 49.0],[18.0, 49.0],[46.0, 41.0],[46.0, 41.0],[2.0, 42.0],[2.0, 42.0],[2.0, 42.0],[51.0, 44.0],[52.0, 50.0],[0.0, 0.0],[4.0, 44.0],[0.0, 0.0],[4.0, 44.0],[43.0, 46.0],[43.0, 46.0],[49.0, 45.0],[49.0, 45.0],[19.0, 44.0],[19.0, 44.0],[19.0, 44.0],[19.0, 44.0],[19.0, 44.0],[19.0, 44.0],[2.0, 48.0],[2.0, 48.0],[23.0, 44.0],[23.0, 44.0],[23.0, 44.0],[0.0, 0.0],[22.0, 44.0],[0.0, 0.0],[49.0, 44.0],[0.0, 0.0],[34.0, 42.0],
Penalty: 11878.595754112725| FV: 8.418503505801771E-5
Particle 1: [0.0, 0.0],[9.0, 2.0],[9.0, 2.0],[44.0, 9.0],[44.0, 9.0],[0.0, 0.0],[0.0, 0.0],[0.0, 0.0],[0.0, 0.0],[41.0, 12.0],[41.0, 12.0],[0.0, 0.0],[0.0, 0.0],[0.0, 0.0],[0.0, 0.0],[28.0, 1.0],[28.0, 1.0],[0.47, 3.0],[0.47, 3.0],[0.0, 0.0],[0.0, 0.0],[0.0, 0.0],[0.0, 0.0],[32.0, 10.0],[32.0, 10.0],[0.0, 0.0],[0.0, 0.0],[0.0, 0.0],[5.0, 8.0],[5.0, 8.0],[53.0, 7.0],[53.0, 7.0],[0.0, 0.0],[0.0, 0.0],[50.0, 6.0],[0.0, 0.0],[0.0, 0.0],[0.0, 0.0],[45.0, 4.0],[45.0, 4.0],[0.0, 0.0],[49.0, 11.0],[49.0, 11.0],[0.0, 0.0],[0.0, 0.0],[0.0, 0.0],[0.0, 0.0],[0.0, 0.0],[0.0, 0.0],[0.0, 0.0],[51.0, 25.0],[0.0, 0.0],[37.0, 20.0],[47.0, 14.0],[47.0, 14.0],[0.0, 0.0],[9.0, 19.0],[40.0, 18.0],[42.0, 24.0],[42.0, 24.0],[25.0, 13.0],[25.0, 13.0],[8.0, 22.0],[8.0, 22.0],[5.0, 21.0],[5.0, 21.0],[20.0, 23.0],[20.0, 23.0],[37.0, 18.0],[37.0, 18.0],[36.0, 16.0],[17.0, 15.0],[17.0, 15.0],[51.0, 19.0],[51.0, 19.0],[51.0, 19.0],[35.0, 15.0],[2.0, 17.0],[2.0, 17.0],[43.0, 25.0],[43.0, 25.0],[0.0, 0.0],[11.0, 19.0],[1.0, 16.0],[1.0, 16.0],[0.0, 0.0],[38.0, 18.0],[28.0, 20.0],[28.0, 20.0],[14.0, 15.0],[14.0, 15.0],[41.0, 16.0],[41.0, 16.0],[17.0, 18.0],[17.0, 18.0],[0.0, 0.0],[28.0, 19.0],[28.0, 19.0],[0.0, 0.0],[28.0, 37.0],[0.0, 0.0],[47.0, 29.0],[19.0, 33.0],[19.0, 33.0],[23.0, 31.0],[23.0, 31.0],[23.0, 31.0],[37.0, 35.0],[37.0, 35.0],[15.0, 34.0],[15.0, 34.0],[2.0, 38.0],[2.0, 38.0],[10.0, 32.0],[10.0, 32.0],[52.0, 30.0],[52.0, 30.0],[29.0, 27.0],[29.0, 27.0],[18.0, 36.0],[4.0, 28.0],[4.0, 28.0],[4.0, 28.0],[4.0, 28.0],[4.0, 28.0],[12.0, 27.0],[53.0, 26.0],[53.0, 26.0],[15.0, 37.0],[15.0, 37.0],[14.0, 27.0],[14.0, 27.0],[0.0, 0.0],[20.0, 27.0],[0.0, 0.0],[34.0, 28.0],[24.0, 29.0],[24.0, 29.0],[0.0, 0.0],[38.0, 27.0],[0.0, 0.0],[36.0, 28.0],[26.0, 36.0],[26.0, 36.0],[26.0, 36.0],[26.0, 36.0],[0.0, 0.0],[0.0, 0.0],[2.0, 46.0],[0.0, 0.0],[51.0, 42.0],[28.0, 48.0],[28.0, 48.0],[12.0, 50.0],[5.0, 51.0],[17.0, 41.0],[51.0, 39.0],[51.0, 39.0],[21.0, 43.0],[21.0, 43.0],[27.0, 49.0],[27.0, 49.0],[22.0, 47.0],[22.0, 47.0],[1.0, 45.0],[1.0, 45.0],[0.0, 0.0],[15.0, 41.0],[1.0, 40.0],[1.0, 40.0],[1.0, 40.0],[1.0, 40.0],[1.0, 40.0],[0.0, 0.0],[41.0, 41.0],[26.0, 44.0],[26.0, 44.0],[50.0, 46.0],[50.0, 46.0],[0.0, 0.0],[22.0, 40.0],[0.0, 0.0],[8.0, 40.0],[0.0, 0.0],[40.0, 41.0],[49.0, 42.0],[49.0, 42.0],[50.0, 41.0],[50.0, 41.0],[0.0, 0.0],[15.0, 40.0],[15.0, 40.0],[15.0, 40.0],[0.0, 0.0],[52.0, 40.0],[52.0, 40.0],
Penalty: 11878.96811878507| FV: 8.418239614757681E-5
Particle 2: [25.0, 10.0],[25.0, 10.0],[9.0, 9.0],[9.0, 9.0],[36.0, 1.0],[0.0, 0.0],[0.0, 0.0],[0.0, 0.0],[0.0, 0.0],[40.0, 11.0],[40.0, 11.0],[41.0, 3.0],[41.0, 3.0],[0.0, 0.0],[0.0, 0.0],[4.0, 12.0],[4.0, 12.0],[5.0, 6.0],[5.0, 6.0],[0.0, 0.0],[0.0, 0.0],[0.0, 0.0],[0.0, 0.0],[0.0, 0.0],[0.0, 0.0],[46.0, 7.0],[0.0, 0.0],[0.0, 0.0],[11.0, 8.0],[11.0, 8.0],[0.0, 0.0],[0.0, 0.0],[17.0, 2.0],[0.0, 0.0],[0.0, 0.0],[21.0, 5.0],[21.0, 5.0],[0.0, 0.0],[0.0, 0.0],[0.0, 0.0],[0.0, 0.0],[0.0, 0.0],[0.0, 0.0],[0.0, 0.0],[0.0, 0.0],[0.0, 0.0],[0.0, 0.0],[0.0, 0.0],[0.0, 0.0],[0.0, 0.0],[6.0, 13.0],[0.0, 0.0],[34.0, 19.0],[12.0, 15.0],[12.0, 15.0],[47.0, 16.0],[47.0, 16.0],[43.0, 25.0],[1.0, 22.0],[1.0, 22.0],[24.0, 21.0],[24.0, 21.0],[24.0, 24.0],[24.0, 24.0],[36.0, 17.0],[36.0, 17.0],[26.0, 14.0],[26.0, 14.0],[0.0, 0.0],[30.0, 16.0],[35.0, 18.0],[16.0, 23.0],[16.0, 23.0],[16.0, 23.0],[20.0, 16.0],[20.0, 16.0],[20.0, 16.0],[18.0, 20.0],[18.0, 20.0],[24.0, 13.0],[24.0, 13.0],[0.0, 0.0],[23.0, 23.0],[36.0, 18.0],[36.0, 18.0],[35.0, 25.0],[35.0, 25.0],[16.0, 19.0],[16.0, 19.0],[0.0, 0.0],[39.0, 25.0],[39.0, 25.0],[0.0, 0.0],[2.0, 23.0],[2.0, 23.0],[0.0, 0.0],[38.0, 18.0],[38.0, 18.0],[0.0, 0.0],[5.0, 34.0],[0.0, 0.0],[28.0, 36.0],[26.0, 32.0],[26.0, 32.0],[0.0, 0.0],[18.0, 30.0],[18.0, 30.0],[22.0, 26.0],[22.0, 26.0],[44.0, 29.0],[44.0, 29.0],[44.0, 37.0],[44.0, 37.0],[51.0, 27.0],[51.0, 27.0],[18.0, 28.0],[18.0, 28.0],[48.0, 38.0],[48.0, 38.0],[23.0, 33.0],[23.0, 33.0],[23.0, 33.0],[27.0, 35.0],[12.0, 30.0],[12.0, 30.0],[39.0, 38.0],[10.0, 31.0],[10.0, 31.0],[13.0, 34.0],[13.0, 34.0],[0.0, 0.0],[9.0, 33.0],[0.0, 0.0],[50.0, 30.0],[50.0, 35.0],[50.0, 35.0],[6.0, 36.0],[6.0, 36.0],[0.0, 0.0],[3.0, 33.0],[3.0, 33.0],[29.0, 30.0],[29.0, 30.0],[8.0, 38.0],[8.0, 38.0],[41.0, 35.0],[41.0, 35.0],[0.0, 0.0],[50.0, 43.0],[3.0, 39.0],[3.0, 39.0],[0.0, 0.0],[44.0, 41.0],[28.0, 50.0],[0.47, 51.0],[44.0, 44.0],[26.0, 45.0],[26.0, 45.0],[4.0, 46.0],[4.0, 46.0],[2.0, 49.0],[2.0, 49.0],[21.0, 48.0],[21.0, 48.0],[32.0, 47.0],[32.0, 47.0],[0.0, 0.0],[19.0, 44.0],[0.0, 0.0],[5.0, 40.0],[5.0, 40.0],[5.0, 40.0],[5.0, 40.0],[0.0, 0.0],[12.0, 40.0],[34.0, 42.0],[34.0, 42.0],[20.0, 41.0],[20.0, 41.0],[0.0, 0.0],[52.0, 40.0],[0.0, 0.0],[8.0, 44.0],[0.0, 0.0],[17.0, 40.0],[3.0, 43.0],[3.0, 43.0],[0.0, 0.0],[9.0, 44.0],[9.0, 44.0],[30.0, 40.0],[30.0, 40.0],[30.0, 40.0],[0.0, 0.0],[44.0, 40.0],[0.0, 0.0],
Penalty: 11288.414213562373| FV: 8.858640204738041E-5
Particle 3: [37.0, 2.0],[37.0, 2.0],[52.0, 9.0],[52.0, 9.0],[44.0, 10.0],[44.0, 10.0],[16.0, 12.0],[0.0, 0.0],[0.0, 0.0],[11.0, 4.0],[11.0, 4.0],[37.0, 5.0],[37.0, 5.0],[0.0, 0.0],[0.0, 0.0],[9.0, 1.0],[9.0, 1.0],[20.0, 6.0],[20.0, 6.0],[34.0, 3.0],[0.0, 0.0],[0.0, 0.0],[0.0, 0.0],[0.0, 0.0],[0.0, 0.0],[0.0, 0.0],[0.0, 0.0],[45.0, 7.0],[11.0, 8.0],[11.0, 8.0],[0.0, 0.0],[0.0, 0.0],[0.0, 0.0],[0.0, 0.0],[0.0, 0.0],[25.0, 11.0],[0.0, 0.0],[0.0, 0.0],[0.0, 0.0],[0.0, 0.0],[0.0, 0.0],[0.0, 0.0],[0.0, 0.0],[0.0, 0.0],[0.0, 0.0],[0.0, 0.0],[0.0, 0.0],[0.0, 0.0],[0.0, 0.0],[0.0, 0.0],[16.0, 17.0],[34.0, 25.0],[34.0, 25.0],[0.0, 0.0],[33.0, 18.0],[0.0, 0.0],[29.0, 22.0],[50.0, 20.0],[1.0, 23.0],[1.0, 23.0],[49.0, 19.0],[49.0, 19.0],[12.0, 15.0],[12.0, 15.0],[13.0, 21.0],[13.0, 21.0],[15.0, 16.0],[15.0, 16.0],[47.0, 24.0],[47.0, 24.0],[42.0, 14.0],[14.0, 22.0],[14.0, 22.0],[51.0, 24.0],[0.0, 0.0],[24.0, 22.0],[24.0, 22.0],[12.0, 13.0],[12.0, 13.0],[8.0, 17.0],[8.0, 17.0],[0.0, 0.0],[0.47, 20.0],[0.47, 20.0],[0.47, 20.0],[0.47, 20.0],[0.0, 0.0],[11.0, 18.0],[11.0, 18.0],[0.0, 0.0],[27.0, 24.0],[27.0, 24.0],[0.0, 0.0],[30.0, 14.0],[30.0, 14.0],[0.0, 0.0],[11.0, 14.0],[11.0, 14.0],[0.0, 0.0],[24.0, 34.0],[0.0, 0.0],[46.0, 37.0],[51.0, 27.0],[51.0, 27.0],[0.0, 0.0],[19.0, 30.0],[33.0, 33.0],[2.0, 32.0],[2.0, 32.0],[35.0, 36.0],[35.0, 36.0],[40.0, 31.0],[40.0, 31.0],[35.0, 26.0],[35.0, 26.0],[47.0, 29.0],[47.0, 29.0],[0.0, 0.0],[33.0, 35.0],[35.0, 30.0],[35.0, 30.0],[35.0, 30.0],[46.0, 35.0],[0.0, 0.0],[25.0, 38.0],[25.0, 38.0],[42.0, 28.0],[42.0, 28.0],[17.0, 37.0],[17.0, 37.0],[13.0, 35.0],[13.0, 35.0],[10.0, 30.0],[0.0, 0.0],[35.0, 30.0],[35.0, 30.0],[41.0, 34.0],[41.0, 34.0],[0.47, 33.0],[0.47, 33.0],[0.0, 0.0],[12.0, 33.0],[12.0, 33.0],[2.0, 35.0],[2.0, 35.0],[5.0, 38.0],[5.0, 38.0],[0.0, 0.0],[26.0, 45.0],[0.0, 0.0],[26.0, 43.0],[17.0, 47.0],[17.0, 47.0],[41.0, 51.0],[46.0, 50.0],[19.0, 42.0],[34.0, 40.0],[34.0, 40.0],[42.0, 39.0],[42.0, 39.0],[51.0, 46.0],[51.0, 46.0],[15.0, 49.0],[15.0, 49.0],[40.0, 44.0],[40.0, 44.0],[2.0, 42.0],[2.0, 42.0],[50.0, 48.0],[50.0, 48.0],[50.0, 48.0],[50.0, 48.0],[0.0, 0.0],[49.0, 48.0],[0.0, 0.0],[8.0, 41.0],[8.0, 41.0],[20.0, 43.0],[20.0, 43.0],[0.0, 0.0],[48.0, 48.0],[0.0, 0.0],[12.0, 48.0],[12.0, 48.0],[0.0, 0.0],[45.0, 45.0],[45.0, 45.0],[0.0, 0.0],[48.0, 48.0],[48.0, 48.0],[48.0, 48.0],[48.0, 48.0],[48.0, 48.0],[48.0, 48.0],[48.0, 48.0],[48.0, 48.0],
Penalty: 11383.996202443574| FV: 8.784261538890448E-5
Particle 4: [41.0, 2.0],[41.0, 2.0],[35.0, 8.0],[0.0, 0.0],[2.0, 10.0],[2.0, 10.0],[0.0, 0.0],[5.0, 5.0],[5.0, 5.0],[0.0, 0.0],[28.0, 9.0],[28.0, 9.0],[46.0, 7.0],[46.0, 7.0],[0.0, 0.0],[0.0, 0.0],[16.0, 1.0],[16.0, 1.0],[0.0, 0.0],[0.0, 0.0],[0.0, 0.0],[0.0, 0.0],[0.0, 0.0],[20.0, 11.0],[0.0, 0.0],[0.0, 0.0],[0.0, 0.0],[46.0, 3.0],[0.0, 0.0],[0.0, 0.0],[18.0, 4.0],[18.0, 4.0],[0.0, 0.0],[0.0, 0.0],[0.0, 0.0],[0.0, 0.0],[0.0, 0.0],[0.0, 0.0],[23.0, 12.0],[23.0, 12.0],[0.0, 0.0],[35.0, 6.0],[35.0, 6.0],[0.0, 0.0],[0.0, 0.0],[0.0, 0.0],[0.0, 0.0],[0.0, 0.0],[0.0, 0.0],[0.0, 0.0],[46.0, 19.0],[0.0, 0.0],[43.0, 22.0],[36.0, 17.0],[36.0, 17.0],[29.0, 18.0],[29.0, 18.0],[47.0, 15.0],[41.0, 25.0],[41.0, 25.0],[49.0, 13.0],[49.0, 13.0],[9.0, 14.0],[9.0, 14.0],[12.0, 20.0],[12.0, 20.0],[51.0, 23.0],[51.0, 23.0],[13.0, 15.0],[13.0, 15.0],[0.0, 0.0],[47.0, 24.0],[47.0, 24.0],[39.0, 21.0],[17.0, 24.0],[17.0, 24.0],[13.0, 18.0],[49.0, 16.0],[49.0, 16.0],[47.0, 19.0],[47.0, 19.0],[0.0, 0.0],[39.0, 15.0],[0.0, 0.0],[26.0, 24.0],[46.0, 15.0],[46.0, 15.0],[10.0, 22.0],[10.0, 22.0],[1.0, 21.0],[1.0, 21.0],[19.0, 18.0],[19.0, 18.0],[0.0, 0.0],[3.0, 21.0],[3.0, 21.0],[1.0, 24.0],[1.0, 24.0],[42.0, 27.0],[42.0, 27.0],[0.0, 0.0],[12.0, 38.0],[0.0, 0.0],[46.0, 32.0],[28.0, 31.0],[28.0, 31.0],[28.0, 31.0],[38.0, 33.0],[38.0, 33.0],[21.0, 26.0],[21.0, 26.0],[23.0, 35.0],[23.0, 35.0],[51.0, 28.0],[51.0, 28.0],[38.0, 37.0],[38.0, 37.0],[22.0, 34.0],[22.0, 34.0],[44.0, 36.0],[35.0, 34.0],[35.0, 34.0],[1.0, 29.0],[0.0, 0.0],[42.0, 34.0],[42.0, 34.0],[13.0, 30.0],[13.0, 30.0],[12.0, 38.0],[12.0, 38.0],[32.0, 36.0],[32.0, 36.0],[32.0, 34.0],[16.0, 36.0],[16.0, 36.0],[51.0, 34.0],[5.0, 32.0],[5.0, 32.0],[0.0, 0.0],[23.0, 36.0],[0.0, 0.0],[33.0, 36.0],[33.0, 36.0],[32.0, 29.0],[32.0, 29.0],[32.0, 29.0],[32.0, 29.0],[0.0, 0.0],[36.0, 39.0],[0.0, 0.0],[19.0, 45.0],[10.0, 43.0],[10.0, 43.0],[47.0, 51.0],[0.0, 0.0],[41.0, 44.0],[22.0, 42.0],[22.0, 42.0],[2.0, 49.0],[2.0, 49.0],[28.0, 40.0],[28.0, 40.0],[34.0, 48.0],[34.0, 48.0],[35.0, 47.0],[35.0, 47.0],[42.0, 44.0],[26.0, 50.0],[0.0, 0.0],[17.0, 44.0],[46.0, 41.0],[2.0, 44.0],[2.0, 44.0],[2.0, 44.0],[0.0, 0.0],[18.0, 46.0],[18.0, 46.0],[1.0, 45.0],[1.0, 45.0],[0.0, 0.0],[14.0, 41.0],[14.0, 41.0],[34.0, 44.0],[0.0, 0.0],[16.0, 41.0],[0.47, 39.0],[0.47, 39.0],[0.0, 0.0],[48.0, 41.0],[0.0, 0.0],[18.0, 41.0],[18.0, 41.0],[0.0, 0.0],[52.0, 41.0],[52.0, 41.0],[52.0, 41.0],
Penalty: 11776.650281539873| FV: 8.491378924340815E-5
Particle 5: [40.0, 2.0],[40.0, 2.0],[28.0, 9.0],[28.0, 9.0],[0.47, 10.0],[0.47, 10.0],[53.0, 12.0],[53.0, 12.0],[53.0, 12.0],[16.0, 11.0],[16.0, 11.0],[16.0, 5.0],[16.0, 5.0],[45.0, 0.47],[45.0, 0.47],[35.0, 1.0],[35.0, 1.0],[25.0, 6.0],[25.0, 6.0],[44.0, 3.0],[44.0, 3.0],[44.0, 3.0],[12.0, 4.0],[12.0, 4.0],[12.0, 4.0],[21.0, 7.0],[21.0, 7.0],[21.0, 7.0],[3.0, 8.0],[3.0, 8.0],[0.0, 0.0],[0.0, 0.0],[0.0, 0.0],[0.0, 0.0],[0.0, 0.0],[0.0, 0.0],[0.0, 0.0],[0.0, 0.0],[0.0, 0.0],[0.0, 0.0],[0.0, 0.0],[0.0, 0.0],[0.0, 0.0],[0.0, 0.0],[0.0, 0.0],[0.0, 0.0],[0.0, 0.0],[0.0, 0.0],[0.0, 0.0],[35.0, 23.0],[35.0, 23.0],[35.0, 17.0],[35.0, 17.0],[27.0, 21.0],[27.0, 21.0],[3.0, 13.0],[3.0, 13.0],[3.0, 13.0],[53.0, 24.0],[53.0, 24.0],[33.0, 20.0],[33.0, 20.0],[53.0, 22.0],[53.0, 22.0],[28.0, 18.0],[28.0, 18.0],[8.0, 14.0],[8.0, 14.0],[37.0, 15.0],[37.0, 15.0],[37.0, 15.0],[43.0, 25.0],[43.0, 25.0],[43.0, 25.0],[38.0, 19.0],[38.0, 19.0],[38.0, 19.0],[51.0, 16.0],[51.0, 16.0],[0.0, 0.0],[0.0, 0.0],[0.0, 0.0],[0.0, 0.0],[0.0, 0.0],[0.0, 0.0],[0.0, 0.0],[0.0, 0.0],[0.0, 0.0],[0.0, 0.0],[0.0, 0.0],[0.0, 0.0],[0.0, 0.0],[0.0, 0.0],[0.0, 0.0],[0.0, 0.0],[0.0, 0.0],[0.0, 0.0],[0.0, 0.0],[15.0, 27.0],[15.0, 27.0],[17.0, 30.0],[17.0, 30.0],[44.0, 29.0],[44.0, 29.0],[25.0, 31.0],[25.0, 31.0],[25.0, 31.0],[22.0, 28.0],[22.0, 28.0],[52.0, 36.0],[52.0, 36.0],[21.0, 33.0],[21.0, 33.0],[19.0, 26.0],[19.0, 26.0],[11.0, 37.0],[11.0, 37.0],[5.0, 38.0],[5.0, 38.0],[5.0, 38.0],[20.0, 34.0],[20.0, 34.0],[20.0, 34.0],[15.0, 35.0],[15.0, 35.0],[15.0, 35.0],[11.0, 32.0],[11.0, 32.0],[0.0, 0.0],[0.0, 0.0],[0.0, 0.0],[0.0, 0.0],[0.0, 0.0],[0.0, 0.0],[0.0, 0.0],[0.0, 0.0],[0.0, 0.0],[0.0, 0.0],[0.0, 0.0],[0.0, 0.0],[0.0, 0.0],[0.0, 0.0],[0.0, 0.0],[0.0, 0.0],[0.0, 0.0],[0.0, 0.0],[0.0, 0.0],[53.0, 41.0],[53.0, 41.0],[5.0, 39.0],[5.0, 39.0],[9.0, 49.0],[9.0, 49.0],[36.0, 50.0],[4.0, 51.0],[17.0, 42.0],[5.0, 47.0],[5.0, 47.0],[36.0, 43.0],[36.0, 43.0],[25.0, 40.0],[25.0, 40.0],[14.0, 45.0],[14.0, 45.0],[34.0, 48.0],[34.0, 48.0],[18.0, 42.0],[18.0, 42.0],[28.0, 46.0],[28.0, 46.0],[28.0, 46.0],[0.0, 0.0],[0.0, 0.0],[0.0, 0.0],[0.0, 0.0],[47.0, 44.0],[47.0, 44.0],[0.0, 0.0],[0.0, 0.0],[0.0, 0.0],[0.0, 0.0],[0.0, 0.0],[0.0, 0.0],[0.0, 0.0],[0.0, 0.0],[0.0, 0.0],[0.0, 0.0],[0.0, 0.0],[0.0, 0.0],[0.0, 0.0],[0.0, 0.0],[0.0, 0.0],[0.0, 0.0],[0.0, 0.0],[0.0, 0.0],[0.0, 0.0],
Penalty: 8962.464883220726| FV: 1.1157644833534264E-4
Particle 6: [44.0, 3.0],[44.0, 3.0],[46.0, 9.0],[0.0, 0.0],[36.0, 10.0],[36.0, 10.0],[0.0, 0.0],[0.0, 0.0],[0.0, 0.0],[1.0, 11.0],[1.0, 11.0],[18.0, 5.0],[18.0, 5.0],[0.0, 0.0],[0.0, 0.0],[7.0, 1.0],[7.0, 1.0],[25.0, 6.0],[25.0, 6.0],[0.0, 0.0],[0.0, 0.0],[0.0, 0.0],[0.0, 0.0],[0.0, 0.0],[8.0, 4.0],[8.0, 4.0],[0.0, 0.0],[0.0, 0.0],[39.0, 7.0],[39.0, 7.0],[0.0, 0.0],[0.0, 0.0],[0.0, 0.0],[0.0, 0.0],[0.0, 0.0],[0.0, 0.0],[0.0, 0.0],[0.0, 0.0],[31.0, 12.0],[31.0, 12.0],[0.0, 0.0],[0.0, 0.0],[0.0, 0.0],[0.0, 0.0],[0.0, 0.0],[0.0, 0.0],[29.0, 2.0],[29.0, 2.0],[0.0, 0.0],[0.0, 0.0],[14.0, 22.0],[24.0, 17.0],[24.0, 17.0],[0.0, 0.0],[41.0, 13.0],[0.0, 0.0],[48.0, 24.0],[10.0, 16.0],[14.0, 15.0],[14.0, 15.0],[32.0, 20.0],[32.0, 20.0],[14.0, 19.0],[14.0, 19.0],[43.0, 18.0],[43.0, 18.0],[46.0, 25.0],[46.0, 25.0],[0.0, 0.0],[22.0, 24.0],[12.0, 21.0],[29.0, 14.0],[29.0, 14.0],[43.0, 24.0],[43.0, 24.0],[43.0, 24.0],[23.0, 14.0],[19.0, 23.0],[19.0, 23.0],[6.0, 22.0],[6.0, 22.0],[0.47, 24.0],[0.47, 24.0],[0.47, 24.0],[0.47, 24.0],[31.0, 21.0],[31.0, 21.0],[11.0, 13.0],[11.0, 13.0],[18.0, 16.0],[18.0, 16.0],[0.0, 0.0],[19.0, 21.0],[19.0, 21.0],[41.0, 14.0],[41.0, 14.0],[32.0, 16.0],[32.0, 16.0],[0.0, 0.0],[17.0, 28.0],[44.0, 37.0],[44.0, 37.0],[0.0, 0.0],[9.0, 26.0],[0.0, 0.0],[39.0, 38.0],[20.0, 35.0],[18.0, 36.0],[18.0, 36.0],[2.0, 31.0],[2.0, 31.0],[23.0, 34.0],[23.0, 34.0],[40.0, 29.0],[40.0, 29.0],[17.0, 27.0],[17.0, 27.0],[35.0, 32.0],[35.0, 32.0],[35.0, 32.0],[41.0, 38.0],[41.0, 38.0],[39.0, 33.0],[51.0, 38.0],[51.0, 38.0],[51.0, 38.0],[51.0, 30.0],[51.0, 30.0],[29.0, 26.0],[29.0, 26.0],[0.0, 0.0],[51.0, 32.0],[42.0, 33.0],[42.0, 33.0],[42.0, 33.0],[42.0, 33.0],[36.0, 28.0],[36.0, 28.0],[0.0, 0.0],[11.0, 32.0],[11.0, 32.0],[27.0, 35.0],[27.0, 35.0],[0.0, 0.0],[19.0, 35.0],[19.0, 35.0],[0.0, 0.0],[0.0, 0.0],[50.0, 39.0],[0.0, 0.0],[5.0, 46.0],[0.47, 44.0],[0.47, 44.0],[12.0, 50.0],[0.0, 0.0],[53.0, 47.0],[0.47, 48.0],[0.47, 48.0],[41.0, 43.0],[41.0, 43.0],[19.0, 41.0],[19.0, 41.0],[28.0, 49.0],[28.0, 49.0],[14.0, 40.0],[14.0, 40.0],[52.0, 47.0],[11.0, 51.0],[0.0, 0.0],[20.0, 45.0],[20.0, 45.0],[20.0, 45.0],[20.0, 45.0],[20.0, 45.0],[20.0, 45.0],[38.0, 42.0],[38.0, 42.0],[9.0, 46.0],[9.0, 46.0],[9.0, 45.0],[9.0, 45.0],[0.0, 0.0],[44.0, 47.0],[44.0, 47.0],[44.0, 47.0],[0.47, 39.0],[0.47, 39.0],[0.0, 0.0],[15.0, 45.0],[0.0, 0.0],[53.0, 47.0],[31.0, 45.0],[0.0, 0.0],[5.0, 45.0],[5.0, 45.0],[0.0, 0.0],
Penalty: 11873.064495102246| FV: 8.422425401736087E-5
Particle 7: [0.0, 0.0],[0.0, 0.0],[38.0, 9.0],[38.0, 9.0],[31.0, 10.0],[31.0, 10.0],[0.0, 0.0],[0.0, 0.0],[0.0, 0.0],[0.0, 0.0],[0.0, 0.0],[36.0, 5.0],[36.0, 5.0],[10.0, 4.0],[10.0, 4.0],[32.0, 1.0],[32.0, 1.0],[0.47, 12.0],[0.47, 12.0],[0.0, 0.0],[0.0, 0.0],[0.0, 0.0],[0.0, 0.0],[0.0, 0.0],[0.0, 0.0],[40.0, 2.0],[40.0, 2.0],[0.0, 0.0],[14.0, 3.0],[14.0, 3.0],[18.0, 7.0],[18.0, 7.0],[0.0, 0.0],[0.0, 0.0],[0.0, 0.0],[0.0, 0.0],[0.0, 0.0],[0.0, 0.0],[38.0, 11.0],[38.0, 11.0],[0.0, 0.0],[0.0, 0.0],[0.0, 0.0],[0.0, 0.0],[0.0, 0.0],[0.0, 0.0],[0.0, 0.0],[25.0, 8.0],[25.0, 8.0],[0.0, 0.0],[31.0, 21.0],[0.0, 0.0],[33.0, 18.0],[41.0, 14.0],[41.0, 14.0],[0.0, 0.0],[38.0, 20.0],[29.0, 23.0],[41.0, 17.0],[41.0, 17.0],[41.0, 25.0],[41.0, 25.0],[3.0, 24.0],[3.0, 24.0],[33.0, 22.0],[33.0, 22.0],[6.0, 15.0],[6.0, 15.0],[53.0, 23.0],[53.0, 23.0],[0.0, 0.0],[30.0, 13.0],[30.0, 13.0],[27.0, 20.0],[26.0, 19.0],[26.0, 19.0],[26.0, 19.0],[17.0, 16.0],[17.0, 16.0],[44.0, 18.0],[44.0, 18.0],[9.0, 13.0],[9.0, 13.0],[42.0, 23.0],[49.0, 20.0],[49.0, 20.0],[49.0, 20.0],[21.0, 21.0],[21.0, 21.0],[0.0, 0.0],[41.0, 13.0],[41.0, 13.0],[41.0, 13.0],[0.0, 0.0],[36.0, 20.0],[36.0, 20.0],[11.0, 23.0],[11.0, 23.0],[0.0, 0.0],[30.0, 30.0],[0.0, 0.0],[20.0, 36.0],[50.0, 28.0],[50.0, 28.0],[0.0, 0.0],[11.0, 29.0],[23.0, 33.0],[49.0, 38.0],[49.0, 38.0],[17.0, 34.0],[17.0, 34.0],[21.0, 37.0],[21.0, 37.0],[5.0, 27.0],[5.0, 27.0],[52.0, 32.0],[52.0, 32.0],[0.0, 0.0],[15.0, 35.0],[15.0, 35.0],[15.0, 35.0],[15.0, 35.0],[35.0, 31.0],[0.0, 0.0],[2.0, 29.0],[2.0, 29.0],[7.0, 26.0],[7.0, 26.0],[51.0, 30.0],[51.0, 30.0],[5.0, 29.0],[5.0, 29.0],[51.0, 35.0],[0.0, 0.0],[18.0, 31.0],[18.0, 31.0],[8.0, 36.0],[8.0, 36.0],[7.0, 35.0],[7.0, 35.0],[7.0, 35.0],[36.0, 33.0],[36.0, 33.0],[48.0, 31.0],[48.0, 31.0],[16.0, 33.0],[16.0, 33.0],[0.0, 0.0],[33.0, 39.0],[0.0, 0.0],[40.0, 46.0],[12.0, 40.0],[12.0, 40.0],[4.0, 50.0],[35.0, 51.0],[51.0, 43.0],[38.0, 49.0],[38.0, 49.0],[4.0, 42.0],[4.0, 42.0],[50.0, 45.0],[50.0, 45.0],[10.0, 47.0],[10.0, 47.0],[7.0, 44.0],[7.0, 44.0],[0.0, 0.0],[52.0, 43.0],[52.0, 43.0],[52.0, 43.0],[8.0, 41.0],[0.0, 0.0],[35.0, 43.0],[0.0, 0.0],[1.0, 41.0],[25.0, 48.0],[25.0, 48.0],[12.0, 39.0],[12.0, 39.0],[22.0, 41.0],[0.0, 0.0],[47.0, 41.0],[47.0, 41.0],[47.0, 41.0],[47.0, 41.0],[44.0, 46.0],[44.0, 46.0],[20.0, 41.0],[20.0, 41.0],[0.0, 0.0],[20.0, 43.0],[0.0, 0.0],[10.0, 41.0],[10.0, 41.0],[28.0, 43.0],[0.0, 0.0],
Penalty: 11879.742018482666| FV: 8.417691212857874E-5
Particle 8: [0.0, 0.0],[0.0, 0.0],[17.0, 9.0],[17.0, 9.0],[30.0, 10.0],[30.0, 10.0],[0.0, 0.0],[0.0, 0.0],[0.0, 0.0],[31.0, 6.0],[0.0, 0.0],[52.0, 5.0],[52.0, 5.0],[18.0, 7.0],[18.0, 7.0],[24.0, 1.0],[24.0, 1.0],[39.0, 12.0],[39.0, 12.0],[0.0, 0.0],[0.0, 0.0],[0.0, 0.0],[0.0, 0.0],[0.0, 0.0],[46.0, 4.0],[46.0, 4.0],[4.0, 8.0],[0.0, 0.0],[0.0, 0.0],[0.0, 0.0],[27.0, 3.0],[27.0, 3.0],[0.0, 0.0],[0.0, 0.0],[0.0, 0.0],[0.0, 0.0],[0.0, 0.0],[0.0, 0.0],[21.0, 11.0],[21.0, 11.0],[0.0, 0.0],[0.0, 0.0],[0.0, 0.0],[0.0, 0.0],[0.0, 0.0],[0.0, 0.0],[0.0, 0.0],[0.0, 0.0],[0.0, 0.0],[0.0, 0.0],[6.0, 13.0],[0.0, 0.0],[14.0, 24.0],[49.0, 17.0],[49.0, 17.0],[0.0, 0.0],[5.0, 14.0],[20.0, 21.0],[24.0, 20.0],[24.0, 20.0],[43.0, 15.0],[43.0, 15.0],[48.0, 25.0],[48.0, 25.0],[48.0, 22.0],[48.0, 22.0],[53.0, 16.0],[53.0, 16.0],[0.0, 0.0],[39.0, 23.0],[42.0, 14.0],[50.0, 19.0],[0.0, 0.0],[30.0, 19.0],[42.0, 14.0],[42.0, 14.0],[6.0, 23.0],[8.0, 18.0],[8.0, 18.0],[11.0, 13.0],[11.0, 13.0],[3.0, 21.0],[3.0, 21.0],[25.0, 23.0],[25.0, 23.0],[35.0, 14.0],[0.0, 0.0],[6.0, 24.0],[6.0, 24.0],[0.0, 0.0],[25.0, 14.0],[25.0, 14.0],[30.0, 21.0],[30.0, 21.0],[10.0, 19.0],[10.0, 19.0],[34.0, 23.0],[34.0, 23.0],[0.0, 0.0],[18.0, 37.0],[39.0, 27.0],[39.0, 27.0],[53.0, 29.0],[53.0, 29.0],[0.0, 0.0],[53.0, 28.0],[18.0, 35.0],[0.0, 0.0],[19.0, 32.0],[42.0, 30.0],[42.0, 30.0],[36.0, 34.0],[36.0, 34.0],[15.0, 31.0],[15.0, 31.0],[13.0, 33.0],[13.0, 33.0],[30.0, 36.0],[30.0, 36.0],[30.0, 36.0],[17.0, 28.0],[17.0, 28.0],[19.0, 38.0],[48.0, 28.0],[48.0, 28.0],[48.0, 28.0],[10.0, 26.0],[10.0, 26.0],[38.0, 32.0],[38.0, 32.0],[0.0, 0.0],[33.0, 36.0],[0.0, 0.0],[40.0, 35.0],[40.0, 35.0],[0.0, 0.0],[8.0, 37.0],[8.0, 37.0],[7.0, 38.0],[7.0, 38.0],[23.0, 36.0],[23.0, 36.0],[16.0, 35.0],[16.0, 35.0],[0.0, 0.0],[46.0, 38.0],[46.0, 38.0],[0.0, 0.0],[4.0, 44.0],[0.0, 0.0],[42.0, 47.0],[12.0, 42.0],[12.0, 42.0],[18.0, 51.0],[26.0, 50.0],[11.0, 40.0],[33.0, 41.0],[33.0, 41.0],[2.0, 48.0],[2.0, 48.0],[23.0, 39.0],[23.0, 39.0],[35.0, 46.0],[35.0, 46.0],[42.0, 45.0],[42.0, 45.0],[0.0, 0.0],[48.0, 40.0],[33.0, 49.0],[33.0, 49.0],[33.0, 49.0],[33.0, 49.0],[33.0, 49.0],[0.0, 0.0],[7.0, 40.0],[30.0, 43.0],[30.0, 43.0],[32.0, 47.0],[32.0, 47.0],[0.0, 0.0],[2.0, 49.0],[0.0, 0.0],[31.0, 49.0],[0.0, 0.0],[50.0, 49.0],[19.0, 44.0],[19.0, 44.0],[0.0, 0.0],[47.0, 49.0],[47.0, 49.0],[0.0, 0.0],[2.0, 49.0],[2.0, 49.0],[41.0, 40.0],[41.0, 40.0],[41.0, 40.0],
Penalty: 11189.064495102246| FV: 8.937297666285924E-5
Particle 9: [27.0, 2.0],[27.0, 2.0],[52.0, 9.0],[52.0, 9.0],[19.0, 7.0],[0.0, 0.0],[0.0, 0.0],[8.0, 12.0],[8.0, 12.0],[1.0, 11.0],[1.0, 11.0],[2.0, 5.0],[2.0, 5.0],[37.0, 0.47],[37.0, 0.47],[0.0, 0.0],[0.0, 0.0],[8.0, 6.0],[8.0, 6.0],[0.0, 0.0],[0.0, 0.0],[23.0, 3.0],[0.0, 0.0],[2.0, 4.0],[2.0, 4.0],[0.0, 0.0],[0.0, 0.0],[0.0, 0.0],[34.0, 8.0],[34.0, 8.0],[16.0, 10.0],[16.0, 10.0],[0.0, 0.0],[0.0, 0.0],[0.0, 0.0],[0.0, 0.0],[0.0, 0.0],[0.0, 0.0],[0.0, 0.0],[0.0, 0.0],[0.0, 0.0],[0.0, 0.0],[0.0, 0.0],[0.0, 0.0],[0.0, 0.0],[0.0, 0.0],[0.0, 0.0],[24.0, 1.0],[0.0, 0.0],[0.0, 0.0],[11.0, 13.0],[7.0, 17.0],[7.0, 17.0],[0.0, 0.0],[7.0, 23.0],[0.0, 0.0],[10.0, 25.0],[39.0, 22.0],[38.0, 19.0],[38.0, 19.0],[26.0, 15.0],[26.0, 15.0],[26.0, 16.0],[26.0, 16.0],[7.0, 20.0],[7.0, 20.0],[53.0, 18.0],[53.0, 18.0],[0.0, 0.0],[25.0, 24.0],[35.0, 25.0],[53.0, 24.0],[53.0, 24.0],[0.47, 14.0],[38.0, 25.0],[38.0, 25.0],[30.0, 24.0],[24.0, 21.0],[24.0, 21.0],[44.0, 23.0],[44.0, 23.0],[31.0, 24.0],[31.0, 24.0],[53.0, 25.0],[18.0, 22.0],[18.0, 22.0],[0.0, 0.0],[4.0, 13.0],[4.0, 13.0],[25.0, 22.0],[25.0, 22.0],[21.0, 14.0],[21.0, 14.0],[2.0, 25.0],[2.0, 25.0],[25.0, 14.0],[25.0, 14.0],[0.0, 0.0],[0.0, 0.0],[22.0, 33.0],[0.0, 0.0],[39.0, 35.0],[36.0, 32.0],[36.0, 32.0],[46.0, 31.0],[46.0, 31.0],[46.0, 31.0],[21.0, 28.0],[21.0, 28.0],[24.0, 37.0],[24.0, 37.0],[48.0, 29.0],[48.0, 29.0],[29.0, 26.0],[29.0, 26.0],[30.0, 38.0],[30.0, 38.0],[0.0, 0.0],[49.0, 27.0],[34.0, 36.0],[51.0, 30.0],[51.0, 30.0],[51.0, 30.0],[52.0, 36.0],[52.0, 36.0],[46.0, 27.0],[31.0, 34.0],[31.0, 34.0],[3.0, 35.0],[3.0, 35.0],[0.0, 0.0],[36.0, 27.0],[36.0, 27.0],[36.0, 27.0],[34.0, 36.0],[0.0, 0.0],[30.0, 33.0],[30.0, 33.0],[0.0, 0.0],[50.0, 30.0],[6.0, 36.0],[6.0, 36.0],[0.0, 0.0],[31.0, 27.0],[31.0, 27.0],[40.0, 30.0],[40.0, 30.0],[0.0, 0.0],[37.0, 47.0],[0.0, 0.0],[37.0, 42.0],[24.0, 44.0],[24.0, 44.0],[12.0, 51.0],[41.0, 50.0],[13.0, 43.0],[53.0, 49.0],[53.0, 49.0],[45.0, 48.0],[45.0, 48.0],[11.0, 45.0],[11.0, 45.0],[32.0, 46.0],[32.0, 46.0],[37.0, 39.0],[37.0, 39.0],[0.0, 0.0],[1.0, 43.0],[31.0, 41.0],[31.0, 41.0],[0.0, 0.0],[44.0, 41.0],[44.0, 41.0],[44.0, 41.0],[0.0, 0.0],[53.0, 40.0],[53.0, 40.0],[43.0, 42.0],[43.0, 42.0],[11.0, 41.0],[11.0, 41.0],[11.0, 41.0],[11.0, 41.0],[11.0, 41.0],[45.0, 43.0],[27.0, 47.0],[27.0, 47.0],[0.0, 0.0],[28.0, 41.0],[3.0, 43.0],[3.0, 43.0],[0.0, 0.0],[32.0, 41.0],[32.0, 41.0],[32.0, 41.0],[32.0, 41.0],
Penalty: 11896.013362640577| FV: 8.406177511034911E-5
-----Schedules, Global Best-----
--Group 1:
Monday - 7:30 = U.S. Race and Empire(Room 45L)
Monday - 9:00 = U.S. Race and Empire(Room 45L)
Monday - 10:30 = Asian Families in America(Room 23S)
Monday - 12:00 = Asian Families in America(Room 23S)
Monday - 13:30 = Race and Cultural Diversity(Room 28B)
Monday - 15:00 = Race and Cultural Diversity(Room 28B)
Monday - 16:30 = Adv Asian Am Undergrad Reading(Room 12Q)
Monday - 17:30 = Adv Asian Am Undergrad Reading(Room 12Q)
Monday - 18:30 = Adv Asian Am Undergrad Reading(Room 12Q)
Tuesday - 7:30 = Immigration, Law, and Rights(Room 19S)
Tuesday - 9:00 = Immigration, Law, and Rights(Room 19S)
Tuesday - 10:30 = The Politics of Fashion(Room 19S)
Tuesday - 12:00 = The Politics of Fashion(Room 19S)
Tuesday - 13:30 = Intro Asian American Studies(Room 38V)
Tuesday - 15:00 = Intro Asian American Studies(Room 38V)
Tuesday - 16:30 = Intro to Asian Am Pop Culture(Room 37M)
Tuesday - 18:00 = Intro to Asian Am Pop Culture(Room 37M)
Wednesday - 7:30 = Constructing Race in America(Room 11I)
Wednesday - 9:00 = Constructing Race in America(Room 11I)
Wednesday - 10:30 = US Racial & Ethnic Politics(Room 46Q)
Wednesday - 11:30 = US Racial & Ethnic Politics(Room 46Q)
Wednesday - 12:30 = US Racial & Ethnic Politics(Room 46Q)
Wednesday - 13:30 = Asian American Youth in Film(Room 50O)
Wednesday - 14:30 = Asian American Youth in Film(Room 50O)
Wednesday - 15:30 = Asian American Youth in Film(Room 50O)
Wednesday - 16:30 = Asian American History(Room 52M)
Wednesday - 17:30 = Asian American History(Room 52M)
Wednesday - 18:30 = Asian American History(Room 52M)
Thursday - 7:30 = Food and Asian Americans(Room 5N)
Thursday - 9:00 = Food and Asian Americans(Room 5N)
Thursday - 10:30 = -(-)
Thursday - 12:00 = -(-)
Thursday - 13:30 = -(-)
Thursday - 14:30 = -(-)
Thursday - 15:30 = -(-)
Thursday - 16:30 = -(-)
Thursday - 17:30 = -(-)
Thursday - 18:30 = -(-)
Friday - 7:30 = -(-)
Friday - 9:00 = -(-)
Friday - 10:30 = -(-)
Friday - 11:30 = -(-)
Friday - 12:30 = -(-)
Friday - 13:30 = -(-)
Friday - 14:30 = -(-)
Friday - 15:30 = -(-)
Friday - 16:30 = -(-)
Friday - 17:30 = -(-)
Friday - 18:30 = -(-)
--Group 2:
Monday - 7:30 = Renewable Energy Systems(Room 37M)
Monday - 9:00 = Renewable Energy Systems(Room 37M)
Monday - 10:30 = ABE Principles: Soil & Water(Room 37M)
Monday - 12:00 = ABE Principles: Soil & Water(Room 37M)
Monday - 13:30 = Principles of Mobile Robotics(Room 47D)
Monday - 15:00 = Principles of Mobile Robotics(Room 47D)
Monday - 16:30 = Asian American Education(Room 5N)
Monday - 17:30 = Asian American Education(Room 5N)
Monday - 18:30 = Asian American Education(Room 5N)
Tuesday - 7:30 = Applied Statistical Methods I(Room 12Q)
Tuesday - 9:00 = Applied Statistical Methods I(Room 12Q)
Tuesday - 10:30 = Independent Study(Room 43F)
Tuesday - 12:00 = Independent Study(Room 43F)
Tuesday - 13:30 = Project Management(Room 12Q)
Tuesday - 15:00 = Project Management(Room 12Q)
Tuesday - 16:30 = Transport Processes in ABE(Room 23S)
Tuesday - 18:00 = Transport Processes in ABE(Room 23S)
Wednesday - 7:30 = Intro Agric & Biological Engrg(Room 10S)
Wednesday - 9:00 = Intro Agric & Biological Engrg(Room 10S)
Wednesday - 10:30 = Undergraduate Open Seminar(Room 20B)
Wednesday - 11:30 = Undergraduate Open Seminar(Room 20B)
Wednesday - 12:30 = Undergraduate Open Seminar(Room 20B)
Wednesday - 13:30 = Statistical Methods(Room 41A)
Wednesday - 14:30 = Statistical Methods(Room 41A)
Wednesday - 15:30 = Statistical Methods(Room 41A)
Wednesday - 16:30 = Off-Road Machine Design(Room 16M)
Wednesday - 17:30 = Off-Road Machine Design(Room 16M)
Wednesday - 18:30 = Off-Road Machine Design(Room 16M)
Thursday - 7:30 = ABE Principles: Machine Syst(Room 36W)
Thursday - 9:00 = ABE Principles: Machine Syst(Room 36W)
Thursday - 10:30 = -(-)
Thursday - 12:00 = -(-)
Thursday - 13:30 = -(-)
Thursday - 14:30 = -(-)
Thursday - 15:30 = -(-)
Thursday - 16:30 = -(-)
Thursday - 17:30 = -(-)
Thursday - 18:30 = -(-)
Friday - 7:30 = -(-)
Friday - 9:00 = -(-)
Friday - 10:30 = -(-)
Friday - 11:30 = -(-)
Friday - 12:30 = -(-)
Friday - 13:30 = -(-)
Friday - 14:30 = -(-)
Friday - 15:30 = -(-)
Friday - 16:30 = -(-)
Friday - 17:30 = -(-)
Friday - 18:30 = -(-)
--Group 3:
Monday - 7:30 = Engineering Off-Road Vehicles(Room 35L)
Monday - 9:00 = Engineering Off-Road Vehicles(Room 35L)
Monday - 10:30 = Special Topics(Room 49O)
Monday - 12:00 = Special Topics(Room 49O)
Monday - 13:30 = Bioprocessing Biomass for Fuel(Room 46Q)
Monday - 15:00 = Bioprocessing Biomass for Fuel(Room 46Q)
Monday - 16:30 = Graduate Research I(Room 11I)
Monday - 17:30 = Graduate Research I(Room 11I)
Monday - 18:30 = Graduate Research I(Room 11I)
Tuesday - 7:30 = Indoor Air Quality Engineering(Room 18B)
Tuesday - 9:00 = Indoor Air Quality Engineering(Room 18B)
Tuesday - 10:30 = Accounting and Accountancy II(Room 8B)
Tuesday - 12:00 = Accounting and Accountancy II(Room 8B)
Tuesday - 13:30 = Thesis Research(Room 52M)
Tuesday - 15:00 = Thesis Research(Room 52M)
Tuesday - 16:30 = Drainage and Water Management(Room 54L)
Tuesday - 18:00 = Drainage and Water Management(Room 54L)
Wednesday - 7:30 = Prof Internship in Accountancy(Room 42C)
Wednesday - 9:00 = Prof Internship in Accountancy(Room 42C)
Wednesday - 10:30 = Atg Measurement & Disclosure(Room 9E)
Wednesday - 11:30 = Atg Measurement & Disclosure(Room 9E)
Wednesday - 12:30 = Atg Measurement & Disclosure(Room 9E)
Wednesday - 13:30 = Fundamentals of Accounting(Room 22H)
Wednesday - 14:30 = Fundamentals of Accounting(Room 22H)
Wednesday - 15:30 = Fundamentals of Accounting(Room 22H)
Wednesday - 16:30 = Accounting and Accountancy I(Room 35L)
Wednesday - 17:30 = Accounting and Accountancy I(Room 35L)
Wednesday - 18:30 = Accounting and Accountancy I(Room 35L)
Thursday - 7:30 = Graduate Seminar(Room 42C)
Thursday - 9:00 = Graduate Seminar(Room 42C)
Thursday - 10:30 = -(-)
Thursday - 12:00 = -(-)
Thursday - 13:30 = -(-)
Thursday - 14:30 = -(-)
Thursday - 15:30 = -(-)
Thursday - 16:30 = -(-)
Thursday - 17:30 = -(-)
Thursday - 18:30 = -(-)
Friday - 7:30 = -(-)
Friday - 9:00 = -(-)
Friday - 10:30 = -(-)
Friday - 11:30 = -(-)
Friday - 12:30 = -(-)
Friday - 13:30 = -(-)
Friday - 14:30 = -(-)
Friday - 15:30 = -(-)
Friday - 16:30 = -(-)
Friday - 17:30 = -(-)
Friday - 18:30 = -(-)
--Group 4:
Monday - 7:30 = Accounting Control Systems(Room 12Q)
Monday - 9:00 = Accounting Control Systems(Room 12Q)
Monday - 10:30 = Decision Making for Atg(Room 9E)
Monday - 12:00 = Decision Making for Atg(Room 9E)
Monday - 13:30 = Senior Research(Room 39C)
Monday - 15:00 = Senior Research(Room 39C)
Monday - 16:30 = Accounting Measurement, Reporting, and Control(Room 48P)
Monday - 17:30 = Accounting Analysis I(Room 1C)
Monday - 18:30 = Principles of Taxation(Room 49O)
Tuesday - 7:30 = Auditing Stds and Practice(Room 9E)
Tuesday - 9:00 = Auditing Stds and Practice(Room 9E)
Tuesday - 10:30 = Principles of Public Policy(Room 48P)
Tuesday - 12:00 = Principles of Public Policy(Room 48P)
Tuesday - 13:30 = Accounting Institutions and Regulation(Room 11I)
Tuesday - 15:00 = Accounting Institutions and Regulation(Room 11I)
Tuesday - 16:30 = Assurance and Attestation(Room 34R)
Tuesday - 18:00 = Assurance and Attestation(Room 34R)
Wednesday - 7:30 = Advanced Income Tax Problems(Room 44Y)
Wednesday - 9:00 = Advanced Income Tax Problems(Room 44Y)
Wednesday - 10:30 = Principles of Taxation(Room 3N)
Wednesday - 11:30 = Principles of Taxation(Room 3N)
Wednesday - 12:30 = Advanced Financial Reporting(Room 23S)
Wednesday - 13:30 = Advanced Financial Reporting(Room 23S)
Wednesday - 14:30 = Advanced Financial Reporting(Room 23S)
Wednesday - 15:30 = -(-)
Wednesday - 16:30 = -(-)
Wednesday - 17:30 = -(-)
Wednesday - 18:30 = -(-)
Thursday - 7:30 = Practical Problems in Atg(Room 6L)
Thursday - 9:00 = Practical Problems in Atg(Room 6L)
Thursday - 10:30 = -(-)
Thursday - 12:00 = -(-)
Thursday - 13:30 = -(-)
Thursday - 14:30 = -(-)
Thursday - 15:30 = -(-)
Thursday - 16:30 = -(-)
Thursday - 17:30 = -(-)
Thursday - 18:30 = -(-)
Friday - 7:30 = -(-)
Friday - 9:00 = -(-)
Friday - 10:30 = -(-)
Friday - 11:30 = -(-)
Friday - 12:30 = -(-)
Friday - 13:30 = -(-)
Friday - 14:30 = -(-)
Friday - 15:30 = -(-)
Friday - 16:30 = -(-)
Friday - 17:30 = -(-)
Friday - 18:30 = -(-)
