--------CONFIGURATION---------
Number of Particles       : 30
PSO Running Mode          : limitIter
Maximum Iteration         : 1000
Target FV                 : 1
Global Best Position      : 17
Global Best Penalty       : 739.0
Particle 0: [0.0, 0.0],[0.0, 0.0],[0.0, 0.0],[0.0, 0.0],[18.0, 2.0],[18.0, 2.0],[50.0, 11.0],[50.0, 11.0],[43.0, 4.0],[0.0, 0.0],[5.0, 6.0],[5.0, 6.0],[0.0, 0.0],[0.0, 0.0],[0.0, 0.0],[52.0, 9.0],[52.0, 9.0],[8.0, 8.0],[8.0, 8.0],[0.0, 0.0],[0.0, 0.0],[1.0, 5.0],[21.0, 7.0],[21.0, 7.0],[0.0, 0.0],[0.0, 0.0],[0.0, 0.0],[30.0, 11.0],[17.0, 1.0],[17.0, 1.0],[31.0, 10.0],[31.0, 10.0],[51.0, 5.0],[51.0, 5.0],[26.0, 3.0],[26.0, 3.0],[26.0, 3.0],[14.0, 7.0],[2.0, 12.0],[2.0, 12.0],[0.0, 0.0],[0.0, 0.0],[0.0, 0.0],[0.0, 0.0],[0.0, 0.0],[42.0, 4.0],[42.0, 4.0],[0.0, 0.0],[0.0, 0.0],| FV: 9.609376153920587E-4
Particle 1: [0.0, 0.0],[0.0, 0.0],[18.0, 7.0],[18.0, 7.0],[12.0, 11.0],[12.0, 11.0],[0.0, 0.0],[0.0, 0.0],[42.0, 1.0],[34.0, 4.0],[34.0, 4.0],[0.0, 0.0],[0.0, 0.0],[0.0, 0.0],[0.0, 0.0],[0.0, 0.0],[0.0, 0.0],[24.0, 6.0],[24.0, 6.0],[0.0, 0.0],[48.0, 1.0],[48.0, 1.0],[48.0, 3.0],[48.0, 3.0],[0.0, 0.0],[6.0, 3.0],[27.0, 5.0],[32.0, 12.0],[29.0, 9.0],[29.0, 9.0],[33.0, 10.0],[33.0, 10.0],[50.0, 5.0],[50.0, 5.0],[10.0, 8.0],[47.0, 2.0],[47.0, 2.0],[47.0, 2.0],[0.0, 0.0],[0.0, 0.0],[15.0, 12.0],[15.0, 12.0],[0.0, 0.0],[0.0, 0.0],[0.0, 0.0],[0.0, 0.0],[0.0, 0.0],[33.0, 8.0],[33.0, 8.0],| FV: 6.480434766490764E-4
Particle 2: [0.0, 0.0],[0.0, 0.0],[3.0, 7.0],[3.0, 7.0],[0.0, 0.0],[0.0, 0.0],[50.0, 4.0],[50.0, 4.0],[39.0, 11.0],[0.0, 0.0],[43.0, 6.0],[43.0, 6.0],[0.0, 0.0],[0.0, 0.0],[0.0, 0.0],[0.0, 0.0],[0.0, 0.0],[33.0, 12.0],[33.0, 12.0],[0.0, 0.0],[0.0, 0.0],[21.0, 5.0],[45.0, 3.0],[45.0, 3.0],[5.0, 2.0],[5.0, 2.0],[7.0, 4.0],[25.0, 2.0],[1.0, 1.0],[1.0, 1.0],[35.0, 10.0],[35.0, 10.0],[41.0, 5.0],[41.0, 5.0],[34.0, 8.0],[34.0, 8.0],[34.0, 8.0],[16.0, 3.0],[11.0, 9.0],[11.0, 9.0],[51.0, 11.0],[51.0, 11.0],[0.0, 0.0],[0.0, 0.0],[0.0, 0.0],[0.0, 0.0],[0.0, 0.0],[0.0, 0.0],[0.0, 0.0],| FV: 8.730743673836489E-4
Particle 3: [0.0, 0.0],[0.0, 0.0],[19.0, 12.0],[19.0, 12.0],[18.0, 11.0],[18.0, 11.0],[0.0, 0.0],[0.0, 0.0],[25.0, 6.0],[0.0, 0.0],[0.0, 0.0],[0.0, 0.0],[33.0, 3.0],[33.0, 3.0],[0.0, 0.0],[0.0, 0.0],[3.0, 5.0],[3.0, 5.0],[0.0, 0.0],[0.0, 0.0],[0.0, 0.0],[0.0, 0.0],[0.0, 0.0],[22.0, 6.0],[22.0, 6.0],[34.0, 7.0],[53.0, 1.0],[34.0, 8.0],[31.0, 2.0],[31.0, 2.0],[0.47, 10.0],[0.47, 10.0],[0.0, 0.0],[41.0, 8.0],[41.0, 8.0],[0.0, 0.0],[44.0, 4.0],[43.0, 0.47],[40.0, 9.0],[40.0, 9.0],[0.0, 0.0],[5.0, 1.0],[5.0, 1.0],[0.0, 0.0],[0.0, 0.0],[16.0, 4.0],[16.0, 4.0],[48.0, 7.0],[48.0, 7.0],| FV: 9.543878794973025E-4
Particle 4: [38.0, 6.0],[38.0, 6.0],[33.0, 7.0],[33.0, 7.0],[0.0, 0.0],[0.0, 0.0],[0.0, 0.0],[0.0, 0.0],[9.0, 11.0],[15.0, 2.0],[15.0, 2.0],[0.0, 0.0],[0.0, 0.0],[0.0, 0.0],[0.47, 9.0],[0.47, 9.0],[0.0, 0.0],[15.0, 8.0],[15.0, 8.0],[0.0, 0.0],[0.0, 0.0],[1.0, 5.0],[29.0, 1.0],[29.0, 1.0],[48.0, 11.0],[48.0, 11.0],[41.0, 1.0],[47.0, 12.0],[0.0, 0.0],[0.0, 0.0],[30.0, 10.0],[30.0, 10.0],[31.0, 3.0],[31.0, 3.0],[2.0, 5.0],[2.0, 5.0],[17.0, 3.0],[14.0, 4.0],[0.0, 0.0],[0.0, 0.0],[0.0, 0.0],[42.0, 12.0],[42.0, 12.0],[0.0, 0.0],[1.0, 4.0],[1.0, 4.0],[0.0, 0.0],[0.0, 0.0],[0.0, 0.0],| FV: 6.939166624883984E-4
Particle 5: [19.0, 6.0],[19.0, 6.0],[0.0, 0.0],[7.0, 7.0],[7.0, 7.0],[0.0, 0.0],[0.0, 0.0],[0.0, 0.0],[2.0, 3.0],[0.47, 9.0],[0.47, 9.0],[0.0, 0.0],[0.0, 0.0],[0.0, 0.0],[0.0, 0.0],[53.0, 12.0],[53.0, 12.0],[19.0, 8.0],[19.0, 8.0],[0.0, 0.0],[0.0, 0.0],[29.0, 3.0],[29.0, 3.0],[0.0, 0.0],[0.0, 0.0],[18.0, 11.0],[30.0, 4.0],[7.0, 2.0],[0.0, 0.0],[0.0, 0.0],[32.0, 10.0],[32.0, 10.0],[25.0, 1.0],[25.0, 1.0],[2.0, 2.0],[2.0, 2.0],[44.0, 1.0],[30.0, 0.47],[42.0, 5.0],[42.0, 5.0],[25.0, 11.0],[25.0, 11.0],[53.0, 4.0],[53.0, 4.0],[0.0, 0.0],[0.0, 0.0],[0.0, 0.0],[0.0, 0.0],[0.0, 0.0],| FV: 0.0010635626881992048
Particle 6: [30.0, 2.0],[30.0, 2.0],[9.0, 7.0],[9.0, 7.0],[51.0, 11.0],[51.0, 11.0],[0.0, 0.0],[0.0, 0.0],[7.0, 3.0],[24.0, 9.0],[24.0, 9.0],[0.0, 0.0],[0.0, 0.0],[0.0, 0.0],[0.0, 0.0],[0.0, 0.0],[0.0, 0.0],[22.0, 8.0],[22.0, 8.0],[32.0, 4.0],[32.0, 4.0],[0.0, 0.0],[0.0, 0.0],[19.0, 6.0],[25.0, 3.0],[25.0, 3.0],[37.0, 4.0],[1.0, 12.0],[27.0, 1.0],[27.0, 1.0],[40.0, 10.0],[40.0, 10.0],[41.0, 5.0],[41.0, 5.0],[0.0, 0.0],[0.0, 0.0],[48.0, 5.0],[13.0, 0.47],[0.0, 0.0],[0.0, 0.0],[38.0, 12.0],[38.0, 12.0],[0.0, 0.0],[0.0, 0.0],[0.0, 0.0],[0.0, 0.0],[52.0, 6.0],[52.0, 6.0],[0.0, 0.0],| FV: 8.040874975416347E-4
Particle 7: [0.0, 0.0],[0.0, 0.0],[0.47, 7.0],[0.47, 7.0],[45.0, 11.0],[45.0, 11.0],[35.0, 3.0],[35.0, 3.0],[27.0, 12.0],[0.0, 0.0],[0.0, 0.0],[53.0, 5.0],[53.0, 5.0],[0.0, 0.0],[9.0, 6.0],[9.0, 6.0],[0.0, 0.0],[0.0, 0.0],[0.0, 0.0],[0.0, 0.0],[0.0, 0.0],[41.0, 4.0],[41.0, 4.0],[2.0, 3.0],[36.0, 2.0],[0.0, 0.0],[0.0, 0.0],[53.0, 0.47],[29.0, 1.0],[29.0, 1.0],[26.0, 10.0],[26.0, 10.0],[0.0, 0.0],[0.0, 0.0],[43.0, 4.0],[22.0, 2.0],[22.0, 2.0],[29.0, 8.0],[16.0, 9.0],[16.0, 9.0],[0.0, 0.0],[22.0, 12.0],[22.0, 12.0],[0.0, 0.0],[0.0, 0.0],[13.0, 8.0],[13.0, 8.0],[0.0, 0.0],[0.0, 0.0],| FV: 9.611556502827897E-4
Particle 8: [0.0, 0.0],[0.0, 0.0],[14.0, 7.0],[14.0, 7.0],[16.0, 12.0],[16.0, 12.0],[0.0, 0.0],[0.0, 0.0],[10.0, 2.0],[51.0, 4.0],[51.0, 4.0],[44.0, 5.0],[44.0, 5.0],[0.0, 0.0],[0.0, 0.0],[0.0, 0.0],[0.0, 0.0],[32.0, 6.0],[32.0, 6.0],[18.0, 8.0],[18.0, 8.0],[0.0, 0.0],[0.0, 0.0],[11.0, 1.0],[38.0, 2.0],[38.0, 2.0],[11.0, 11.0],[12.0, 3.0],[0.0, 0.0],[0.0, 0.0],[0.0, 0.0],[0.0, 0.0],[0.0, 0.0],[0.0, 0.0],[47.0, 11.0],[47.0, 11.0],[13.0, 8.0],[51.0, 10.0],[10.0, 9.0],[10.0, 9.0],[9.0, 3.0],[9.0, 3.0],[0.0, 0.0],[0.0, 0.0],[27.0, 10.0],[27.0, 10.0],[0.0, 0.0],[19.0, 1.0],[19.0, 1.0],| FV: 0.0011780454224940657
Particle 9: [49.0, 12.0],[49.0, 12.0],[0.0, 0.0],[0.0, 0.0],[17.0, 11.0],[17.0, 11.0],[0.0, 0.0],[0.0, 0.0],[18.0, 4.0],[0.0, 0.0],[0.0, 0.0],[9.0, 3.0],[9.0, 3.0],[0.0, 0.0],[0.0, 0.0],[0.0, 0.0],[0.0, 0.0],[1.0, 2.0],[1.0, 2.0],[0.0, 0.0],[26.0, 4.0],[26.0, 4.0],[0.0, 0.0],[9.0, 6.0],[9.0, 6.0],[6.0, 7.0],[20.0, 9.0],[34.0, 8.0],[26.0, 1.0],[26.0, 1.0],[23.0, 10.0],[23.0, 10.0],[26.0, 5.0],[26.0, 5.0],[0.0, 0.0],[0.0, 0.0],[10.0, 6.0],[33.0, 5.0],[0.0, 0.0],[0.0, 0.0],[35.0, 7.0],[35.0, 7.0],[0.0, 0.0],[0.0, 0.0],[5.0, 8.0],[5.0, 8.0],[0.0, 0.0],[39.0, 9.0],[39.0, 9.0],| FV: 9.603970038633057E-4
Particle 10: [5.0, 6.0],[5.0, 6.0],[51.0, 7.0],[51.0, 7.0],[37.0, 11.0],[37.0, 11.0],[7.0, 4.0],[7.0, 4.0],[41.0, 10.0],[0.0, 0.0],[0.0, 0.0],[0.0, 0.0],[0.0, 0.0],[0.0, 0.0],[0.0, 0.0],[0.0, 0.0],[49.0, 9.0],[49.0, 9.0],[0.0, 0.0],[0.0, 0.0],[0.0, 0.0],[0.0, 0.0],[0.0, 0.0],[51.0, 8.0],[51.0, 8.0],[51.0, 8.0],[43.0, 4.0],[0.47, 12.0],[43.0, 1.0],[43.0, 1.0],[0.0, 0.0],[0.0, 0.0],[43.0, 5.0],[43.0, 5.0],[0.0, 0.0],[0.0, 0.0],[18.0, 5.0],[16.0, 3.0],[7.0, 2.0],[7.0, 2.0],[12.0, 12.0],[12.0, 12.0],[39.0, 3.0],[39.0, 3.0],[0.0, 0.0],[0.0, 0.0],[0.0, 0.0],[6.0, 10.0],[6.0, 10.0],| FV: 9.594755264424302E-4
Particle 11: [0.0, 0.0],[0.0, 0.0],[34.0, 7.0],[34.0, 7.0],[35.0, 9.0],[35.0, 9.0],[29.0, 8.0],[29.0, 8.0],[1.0, 5.0],[0.0, 0.0],[50.0, 4.0],[50.0, 4.0],[11.0, 3.0],[11.0, 3.0],[0.0, 0.0],[0.0, 0.0],[0.0, 0.0],[0.0, 0.0],[0.0, 0.0],[0.0, 0.0],[0.0, 0.0],[0.0, 0.0],[0.0, 0.0],[43.0, 1.0],[43.0, 1.0],[19.0, 12.0],[21.0, 10.0],[24.0, 1.0],[41.0, 6.0],[41.0, 6.0],[42.0, 2.0],[42.0, 2.0],[52.0, 5.0],[52.0, 5.0],[0.0, 0.0],[0.0, 0.0],[27.0, 11.0],[37.0, 8.0],[0.0, 0.0],[0.0, 0.0],[23.0, 12.0],[23.0, 12.0],[0.0, 0.0],[0.0, 0.0],[29.0, 11.0],[29.0, 11.0],[50.0, 10.0],[50.0, 10.0],[0.0, 0.0],| FV: 9.567216733488444E-4
Particle 12: [0.0, 0.0],[0.0, 0.0],[30.0, 7.0],[30.0, 7.0],[41.0, 2.0],[41.0, 2.0],[0.0, 0.0],[0.0, 0.0],[46.0, 1.0],[18.0, 4.0],[18.0, 4.0],[52.0, 3.0],[52.0, 3.0],[0.0, 0.0],[0.0, 0.0],[6.0, 5.0],[6.0, 5.0],[0.0, 0.0],[0.0, 0.0],[52.0, 11.0],[52.0, 11.0],[0.0, 0.0],[1.0, 6.0],[1.0, 6.0],[0.0, 0.0],[17.0, 9.0],[46.0, 11.0],[6.0, 6.0],[0.0, 0.0],[0.0, 0.0],[11.0, 10.0],[11.0, 10.0],[0.0, 0.0],[0.0, 0.0],[1.0, 8.0],[1.0, 8.0],[1.0, 8.0],[28.0, 12.0],[0.0, 0.0],[0.0, 0.0],[36.0, 12.0],[36.0, 12.0],[0.0, 0.0],[0.0, 0.0],[16.0, 1.0],[16.0, 1.0],[0.0, 0.0],[25.0, 9.0],[25.0, 9.0],| FV: 0.0010582010582010583
Particle 13: [0.0, 0.0],[27.0, 6.0],[27.0, 6.0],[0.0, 0.0],[21.0, 11.0],[21.0, 11.0],[0.0, 0.0],[0.0, 0.0],[30.0, 0.47],[49.0, 4.0],[49.0, 4.0],[0.0, 0.0],[30.0, 3.0],[30.0, 3.0],[0.0, 0.0],[0.0, 0.0],[0.0, 0.0],[51.0, 8.0],[51.0, 8.0],[19.0, 2.0],[19.0, 2.0],[16.0, 5.0],[0.0, 0.0],[0.0, 0.0],[51.0, 9.0],[41.0, 7.0],[41.0, 7.0],[45.0, 10.0],[0.0, 0.0],[31.0, 1.0],[31.0, 1.0],[0.0, 0.0],[0.0, 0.0],[8.0, 5.0],[8.0, 5.0],[0.0, 0.0],[34.0, 2.0],[20.0, 7.0],[21.0, 12.0],[21.0, 12.0],[0.0, 0.0],[0.0, 0.0],[0.0, 0.0],[50.0, 10.0],[50.0, 10.0],[0.0, 0.0],[0.0, 0.0],[10.0, 9.0],[10.0, 9.0],| FV: 9.611556502827897E-4
Particle 14: [0.0, 0.0],[50.0, 9.0],[50.0, 9.0],[4.0, 7.0],[4.0, 7.0],[0.0, 0.0],[30.0, 8.0],[30.0, 8.0],[26.0, 5.0],[0.0, 0.0],[49.0, 12.0],[49.0, 12.0],[0.0, 0.0],[0.0, 0.0],[0.0, 0.0],[0.0, 0.0],[0.0, 0.0],[0.0, 0.0],[0.0, 0.0],[6.0, 2.0],[6.0, 2.0],[37.0, 4.0],[37.0, 4.0],[0.0, 0.0],[0.0, 0.0],[19.0, 4.0],[15.0, 11.0],[43.0, 3.0],[23.0, 1.0],[23.0, 1.0],[17.0, 10.0],[17.0, 10.0],[44.0, 5.0],[44.0, 5.0],[46.0, 11.0],[46.0, 11.0],[3.0, 2.0],[12.0, 8.0],[30.0, 6.0],[30.0, 6.0],[0.0, 0.0],[0.0, 0.0],[0.0, 0.0],[0.0, 0.0],[0.0, 0.0],[0.0, 0.0],[0.0, 0.0],[40.0, 3.0],[40.0, 3.0],| FV: 8.072770857491482E-4
Particle 15: [0.0, 0.0],[0.0, 0.0],[36.0, 7.0],[36.0, 7.0],[5.0, 11.0],[5.0, 11.0],[0.0, 0.0],[0.0, 0.0],[30.0, 0.47],[23.0, 4.0],[23.0, 4.0],[17.0, 3.0],[17.0, 3.0],[0.0, 0.0],[13.0, 12.0],[13.0, 12.0],[0.0, 0.0],[53.0, 6.0],[53.0, 6.0],[0.0, 0.0],[0.0, 0.0],[27.0, 10.0],[27.0, 10.0],[29.0, 8.0],[29.0, 8.0],[36.0, 1.0],[37.0, 8.0],[35.0, 5.0],[3.0, 2.0],[3.0, 2.0],[0.0, 0.0],[0.0, 0.0],[0.0, 0.0],[11.0, 5.0],[11.0, 5.0],[0.0, 0.0],[14.0, 10.0],[26.0, 9.0],[0.0, 0.0],[0.0, 0.0],[0.0, 0.0],[0.0, 0.0],[0.0, 0.0],[0.0, 0.0],[0.0, 0.0],[16.0, 1.0],[16.0, 1.0],[34.0, 9.0],[34.0, 9.0],| FV: 9.534127235491341E-4
Particle 16: [42.0, 6.0],[42.0, 6.0],[0.0, 0.0],[0.0, 0.0],[0.0, 0.0],[0.0, 0.0],[0.0, 0.0],[0.0, 0.0],[39.0, 11.0],[5.0, 4.0],[5.0, 4.0],[14.0, 5.0],[14.0, 5.0],[25.0, 12.0],[25.0, 12.0],[0.0, 0.0],[0.0, 0.0],[0.0, 0.0],[0.0, 0.0],[45.0, 3.0],[45.0, 3.0],[0.0, 0.0],[0.0, 0.0],[23.0, 3.0],[33.0, 2.0],[33.0, 2.0],[2.0, 8.0],[48.0, 9.0],[38.0, 1.0],[38.0, 1.0],[41.0, 10.0],[41.0, 10.0],[0.0, 0.0],[0.0, 0.0],[27.0, 7.0],[27.0, 7.0],[13.0, 2.0],[45.0, 7.0],[0.0, 0.0],[0.0, 0.0],[8.0, 8.0],[8.0, 8.0],[4.0, 11.0],[4.0, 11.0],[0.0, 0.0],[0.0, 0.0],[0.0, 0.0],[37.0, 9.0],[37.0, 9.0],| FV: 8.751313895968475E-4
Particle 17: [0.0, 0.0],[0.0, 0.0],[32.0, 7.0],[32.0, 7.0],[40.0, 11.0],[40.0, 11.0],[0.0, 0.0],[0.0, 0.0],[27.0, 6.0],[42.0, 4.0],[42.0, 4.0],[22.0, 3.0],[22.0, 3.0],[0.0, 0.0],[0.0, 0.0],[0.0, 0.0],[31.0, 8.0],[31.0, 8.0],[0.0, 0.0],[0.0, 0.0],[0.0, 0.0],[0.0, 0.0],[13.0, 6.0],[13.0, 6.0],[10.0, 2.0],[0.0, 0.0],[0.0, 0.0],[13.0, 9.0],[12.0, 1.0],[12.0, 1.0],[30.0, 10.0],[30.0, 10.0],[52.0, 5.0],[52.0, 5.0],[52.0, 5.0],[34.0, 2.0],[34.0, 2.0],[21.0, 12.0],[0.0, 0.0],[0.0, 0.0],[51.0, 12.0],[51.0, 12.0],[0.0, 0.0],[0.0, 0.0],[0.0, 0.0],[0.0, 0.0],[0.0, 0.0],[40.0, 9.0],[40.0, 9.0],| FV: 0.0013531799729364006
Particle 18: [0.0, 0.0],[0.0, 0.0],[0.0, 0.0],[0.0, 0.0],[19.0, 11.0],[19.0, 11.0],[0.0, 0.0],[0.0, 0.0],[21.0, 2.0],[0.47, 4.0],[0.47, 4.0],[43.0, 3.0],[43.0, 3.0],[0.0, 0.0],[0.0, 0.0],[4.0, 6.0],[4.0, 6.0],[5.0, 12.0],[5.0, 12.0],[0.0, 0.0],[34.0, 7.0],[34.0, 7.0],[0.0, 0.0],[0.0, 0.0],[20.0, 2.0],[20.0, 2.0],[46.0, 8.0],[5.0, 7.0],[2.0, 1.0],[2.0, 1.0],[5.0, 9.0],[5.0, 9.0],[1.0, 5.0],[1.0, 5.0],[0.0, 0.0],[0.0, 0.0],[24.0, 5.0],[37.0, 10.0],[0.0, 0.0],[0.0, 0.0],[0.0, 0.0],[47.0, 8.0],[47.0, 8.0],[0.0, 0.0],[0.0, 0.0],[0.0, 0.0],[5.0, 10.0],[5.0, 10.0],[0.0, 0.0],| FV: 0.0011890606420927466
Particle 19: [22.0, 12.0],[22.0, 12.0],[11.0, 6.0],[11.0, 6.0],[0.0, 0.0],[0.0, 0.0],[0.0, 0.0],[0.0, 0.0],[20.0, 0.47],[0.0, 0.0],[53.0, 4.0],[53.0, 4.0],[11.0, 3.0],[11.0, 3.0],[31.0, 5.0],[31.0, 5.0],[0.0, 0.0],[0.0, 0.0],[0.0, 0.0],[0.0, 0.0],[0.0, 0.0],[7.0, 8.0],[7.0, 8.0],[9.0, 7.0],[1.0, 2.0],[1.0, 2.0],[34.0, 11.0],[33.0, 9.0],[29.0, 1.0],[29.0, 1.0],[25.0, 10.0],[25.0, 10.0],[0.0, 0.0],[13.0, 7.0],[13.0, 7.0],[0.0, 0.0],[47.0, 8.0],[37.0, 2.0],[0.0, 0.0],[0.0, 0.0],[0.0, 0.0],[0.0, 0.0],[0.0, 0.0],[0.0, 0.0],[0.0, 0.0],[28.0, 11.0],[28.0, 11.0],[1.0, 9.0],[1.0, 9.0],| FV: 0.0010601799845760926
Particle 20: [28.0, 12.0],[28.0, 12.0],[0.47, 7.0],[0.47, 7.0],[52.0, 11.0],[52.0, 11.0],[0.0, 0.0],[0.0, 0.0],[8.0, 0.47],[0.0, 0.0],[0.0, 0.0],[0.0, 0.0],[0.0, 0.0],[45.0, 9.0],[45.0, 9.0],[0.0, 0.0],[0.0, 0.0],[42.0, 8.0],[42.0, 8.0],[0.0, 0.0],[0.0, 0.0],[0.0, 0.0],[11.0, 6.0],[11.0, 6.0],[0.0, 0.0],[16.0, 6.0],[47.0, 5.0],[51.0, 4.0],[33.0, 1.0],[33.0, 1.0],[30.0, 10.0],[30.0, 10.0],[5.0, 5.0],[5.0, 5.0],[33.0, 3.0],[46.0, 2.0],[46.0, 2.0],[46.0, 2.0],[0.0, 0.0],[0.0, 0.0],[0.0, 0.0],[0.0, 0.0],[0.0, 0.0],[6.0, 4.0],[6.0, 4.0],[0.0, 0.0],[0.0, 0.0],[47.0, 3.0],[47.0, 3.0],| FV: 9.633911368015414E-4
Particle 21: [26.0, 9.0],[26.0, 9.0],[0.0, 0.0],[0.0, 0.0],[1.0, 11.0],[1.0, 11.0],[3.0, 7.0],[3.0, 7.0],[3.0, 7.0],[19.0, 4.0],[19.0, 4.0],[0.0, 0.0],[0.0, 0.0],[0.0, 0.0],[35.0, 12.0],[35.0, 12.0],[18.0, 8.0],[18.0, 8.0],[0.0, 0.0],[0.0, 0.0],[8.0, 3.0],[8.0, 3.0],[0.0, 0.0],[30.0, 5.0],[41.0, 2.0],[41.0, 2.0],[22.0, 6.0],[37.0, 2.0],[0.0, 0.0],[0.0, 0.0],[5.0, 10.0],[5.0, 10.0],[44.0, 5.0],[44.0, 5.0],[0.0, 0.0],[0.0, 0.0],[7.0, 3.0],[37.0, 1.0],[0.0, 0.0],[0.0, 0.0],[0.0, 0.0],[0.0, 0.0],[0.0, 0.0],[0.0, 0.0],[0.0, 0.0],[27.0, 1.0],[27.0, 1.0],[20.0, 6.0],[20.0, 6.0],| FV: 9.583921581687579E-4
Particle 22: [0.0, 0.0],[0.0, 0.0],[26.0, 7.0],[26.0, 7.0],[0.0, 0.0],[0.0, 0.0],[0.0, 0.0],[0.0, 0.0],[26.0, 10.0],[0.0, 0.0],[4.0, 4.0],[4.0, 4.0],[53.0, 3.0],[53.0, 3.0],[0.0, 0.0],[0.0, 0.0],[0.0, 0.0],[0.0, 0.0],[0.0, 0.0],[30.0, 8.0],[30.0, 8.0],[0.0, 0.0],[0.0, 0.0],[31.0, 6.0],[32.0, 2.0],[32.0, 2.0],[43.0, 8.0],[43.0, 2.0],[14.0, 1.0],[14.0, 1.0],[24.0, 12.0],[24.0, 12.0],[52.0, 5.0],[52.0, 5.0],[0.0, 0.0],[0.0, 0.0],[38.0, 5.0],[17.0, 11.0],[36.0, 9.0],[36.0, 9.0],[29.0, 11.0],[29.0, 11.0],[7.0, 6.0],[7.0, 6.0],[0.0, 0.0],[0.0, 0.0],[0.0, 0.0],[13.0, 10.0],[13.0, 10.0],| FV: 9.600192759787604E-4
Particle 23: [51.0, 5.0],[51.0, 5.0],[12.0, 7.0],[12.0, 7.0],[17.0, 11.0],[17.0, 11.0],[48.0, 8.0],[48.0, 8.0],[28.0, 12.0],[0.0, 0.0],[0.0, 0.0],[0.0, 0.0],[21.0, 3.0],[21.0, 3.0],[0.0, 0.0],[0.0, 0.0],[0.0, 0.0],[0.0, 0.0],[0.0, 0.0],[0.0, 0.0],[0.0, 0.0],[53.0, 6.0],[53.0, 6.0],[53.0, 6.0],[32.0, 2.0],[32.0, 2.0],[8.0, 4.0],[10.0, 2.0],[39.0, 1.0],[39.0, 1.0],[44.0, 10.0],[44.0, 10.0],[0.0, 0.0],[0.0, 0.0],[0.0, 0.0],[0.0, 0.0],[53.0, 9.0],[5.0, 8.0],[0.0, 0.0],[0.0, 0.0],[0.0, 0.0],[5.0, 12.0],[5.0, 12.0],[0.0, 0.0],[0.0, 0.0],[25.0, 4.0],[25.0, 4.0],[24.0, 9.0],[24.0, 9.0],| FV: 9.594755264424302E-4
Particle 24: [36.0, 9.0],[36.0, 9.0],[0.0, 0.0],[0.0, 0.0],[31.0, 11.0],[31.0, 11.0],[0.0, 0.0],[0.0, 0.0],[40.0, 2.0],[0.0, 0.0],[7.0, 6.0],[7.0, 6.0],[0.0, 0.0],[0.0, 0.0],[0.0, 0.0],[0.0, 0.0],[0.0, 0.0],[32.0, 5.0],[32.0, 5.0],[41.0, 3.0],[41.0, 3.0],[31.0, 7.0],[31.0, 7.0],[0.0, 0.0],[0.0, 0.0],[47.0, 3.0],[7.0, 4.0],[8.0, 7.0],[18.0, 1.0],[18.0, 1.0],[12.0, 10.0],[12.0, 10.0],[12.0, 8.0],[12.0, 8.0],[12.0, 8.0],[6.0, 2.0],[6.0, 2.0],[49.0, 12.0],[0.0, 0.0],[0.0, 0.0],[33.0, 12.0],[33.0, 12.0],[0.0, 0.0],[0.0, 0.0],[0.0, 0.0],[0.0, 0.0],[0.0, 0.0],[26.0, 4.0],[26.0, 4.0],| FV: 7.480092746957697E-4
Particle 25: [0.0, 0.0],[0.0, 0.0],[50.0, 6.0],[50.0, 6.0],[53.0, 11.0],[53.0, 11.0],[0.0, 0.0],[0.0, 0.0],[40.0, 5.0],[0.0, 0.0],[39.0, 4.0],[39.0, 4.0],[0.0, 0.0],[5.0, 2.0],[5.0, 2.0],[0.0, 0.0],[0.0, 0.0],[0.0, 0.0],[0.0, 0.0],[0.0, 0.0],[0.0, 0.0],[19.0, 3.0],[19.0, 3.0],[38.0, 8.0],[38.0, 8.0],[47.0, 12.0],[38.0, 7.0],[15.0, 8.0],[9.0, 1.0],[9.0, 1.0],[20.0, 10.0],[20.0, 10.0],[40.0, 5.0],[40.0, 5.0],[17.0, 7.0],[17.0, 7.0],[4.0, 9.0],[51.0, 3.0],[0.0, 0.0],[0.0, 0.0],[48.0, 12.0],[48.0, 12.0],[0.0, 0.0],[0.0, 0.0],[0.0, 0.0],[0.0, 0.0],[0.0, 0.0],[47.0, 9.0],[47.0, 9.0],| FV: 7.437079315034175E-4
Particle 26: [0.0, 0.0],[0.0, 0.0],[0.0, 0.0],[0.0, 0.0],[30.0, 11.0],[30.0, 11.0],[35.0, 1.0],[35.0, 1.0],[11.0, 7.0],[0.0, 0.0],[3.0, 4.0],[3.0, 4.0],[25.0, 3.0],[25.0, 3.0],[42.0, 6.0],[42.0, 6.0],[0.0, 0.0],[0.0, 0.0],[0.0, 0.0],[0.0, 0.0],[0.0, 0.0],[0.0, 0.0],[0.0, 0.0],[14.0, 8.0],[14.0, 8.0],[50.0, 1.0],[20.0, 8.0],[51.0, 5.0],[44.0, 12.0],[44.0, 12.0],[45.0, 2.0],[45.0, 2.0],[32.0, 5.0],[32.0, 5.0],[0.0, 0.0],[0.0, 0.0],[18.0, 10.0],[1.0, 9.0],[0.0, 0.0],[0.0, 0.0],[0.0, 0.0],[0.0, 0.0],[0.0, 0.0],[41.0, 10.0],[41.0, 10.0],[9.0, 7.0],[9.0, 7.0],[40.0, 9.0],[40.0, 9.0],| FV: 0.0010568187303802697
Particle 27: [14.0, 5.0],[14.0, 5.0],[48.0, 7.0],[48.0, 7.0],[11.0, 11.0],[11.0, 11.0],[0.0, 0.0],[0.0, 0.0],[36.0, 3.0],[0.0, 0.0],[0.0, 0.0],[12.0, 6.0],[12.0, 6.0],[0.0, 0.0],[9.0, 9.0],[9.0, 9.0],[33.0, 8.0],[33.0, 8.0],[0.0, 0.0],[52.0, 1.0],[52.0, 1.0],[0.0, 0.0],[38.0, 4.0],[38.0, 4.0],[42.0, 2.0],[42.0, 2.0],[7.0, 4.0],[30.0, 1.0],[0.0, 0.0],[0.0, 0.0],[26.0, 10.0],[26.0, 10.0],[0.0, 0.0],[0.0, 0.0],[0.0, 0.0],[0.0, 0.0],[16.0, 12.0],[11.0, 2.0],[0.0, 0.0],[0.0, 0.0],[8.0, 12.0],[8.0, 12.0],[0.0, 0.0],[0.0, 0.0],[0.0, 0.0],[0.0, 0.0],[0.0, 0.0],[21.0, 3.0],[21.0, 3.0],| FV: 9.552341884075278E-4
Particle 28: [0.0, 0.0],[0.0, 0.0],[0.0, 0.0],[51.0, 2.0],[51.0, 2.0],[0.0, 0.0],[0.0, 0.0],[0.0, 0.0],[51.0, 3.0],[0.0, 0.0],[41.0, 9.0],[41.0, 9.0],[0.0, 0.0],[0.0, 0.0],[0.0, 0.0],[0.0, 0.0],[0.0, 0.0],[44.0, 8.0],[44.0, 8.0],[0.0, 0.0],[0.0, 0.0],[0.0, 0.0],[0.0, 0.0],[41.0, 7.0],[16.0, 5.0],[46.0, 11.0],[46.0, 11.0],[46.0, 11.0],[16.0, 1.0],[16.0, 1.0],[3.0, 10.0],[3.0, 10.0],[31.0, 5.0],[31.0, 5.0],[48.0, 7.0],[48.0, 7.0],[47.0, 12.0],[14.0, 4.0],[44.0, 6.0],[44.0, 6.0],[12.0, 12.0],[12.0, 12.0],[0.0, 0.0],[25.0, 4.0],[25.0, 4.0],[15.0, 3.0],[15.0, 3.0],[0.0, 0.0],[0.0, 0.0],| FV: 0.001061305159063259
Particle 29: [0.0, 0.0],[0.0, 0.0],[17.0, 7.0],[17.0, 7.0],[51.0, 11.0],[51.0, 11.0],[0.0, 0.0],[0.0, 0.0],[21.0, 3.0],[0.0, 0.0],[0.0, 0.0],[28.0, 9.0],[28.0, 9.0],[25.0, 2.0],[25.0, 2.0],[0.0, 0.0],[0.0, 0.0],[9.0, 12.0],[9.0, 12.0],[0.0, 0.0],[0.0, 0.0],[0.0, 0.0],[9.0, 10.0],[9.0, 10.0],[0.0, 0.0],[48.0, 10.0],[5.0, 4.0],[8.0, 5.0],[49.0, 1.0],[49.0, 1.0],[0.0, 0.0],[0.0, 0.0],[35.0, 5.0],[35.0, 5.0],[0.0, 0.0],[0.0, 0.0],[47.0, 8.0],[28.0, 0.47],[50.0, 6.0],[50.0, 6.0],[0.0, 0.0],[19.0, 3.0],[19.0, 3.0],[0.0, 0.0],[0.0, 0.0],[17.0, 8.0],[17.0, 8.0],[42.0, 4.0],[42.0, 4.0],| FV: 7.432795054583771E-4
-----Schedules, Global Best-----
--Group 1:
Monday - 7:30 = -(-)
Monday - 9:00 = -(-)
Monday - 10:30 = Asian American History(Room 25Z)
Monday - 12:00 = Asian American History(Room 25Z)
Monday - 13:30 = Immigration, Law, and Rights(Room 45L)
Monday - 15:00 = Immigration, Law, and Rights(Room 45L)
Monday - 16:30 = -(-)
Monday - 17:30 = -(-)
Monday - 18:30 = Constructing Race in America(Room 47D)
Tuesday - 7:30 = Asian American Youth in Film(Room 7G)
Tuesday - 9:00 = Asian American Youth in Film(Room 7G)
Tuesday - 10:30 = US Racial & Ethnic Politics(Room 18B)
Tuesday - 12:00 = US Racial & Ethnic Politics(Room 18B)
Tuesday - 13:30 = -(-)
Tuesday - 15:00 = -(-)
Tuesday - 16:30 = -(-)
Tuesday - 18:00 = Food and Asian Americans(Room 15R)
Wednesday - 7:30 = Food and Asian Americans(Room 15R)
Wednesday - 9:00 = -(-)
Wednesday - 10:30 = -(-)
Wednesday - 11:30 = -(-)
Wednesday - 12:30 = -(-)
Wednesday - 13:30 = Constructing Race in America(Room 14K)
Wednesday - 14:30 = Constructing Race in America(Room 14K)
Wednesday - 15:30 = U.S. Race and Empire(Room 24E)
Wednesday - 16:30 = -(-)
Wednesday - 17:30 = -(-)
Wednesday - 18:30 = Asian Families in America(Room 14K)
Thursday - 7:30 = Intro to Asian Am Pop Culture(Room 50O)
Thursday - 9:00 = Intro to Asian Am Pop Culture(Room 50O)
Thursday - 10:30 = Race and Cultural Diversity(Room 26S)
Thursday - 12:00 = Race and Cultural Diversity(Room 26S)
Thursday - 13:30 = The Politics of Fashion(Room 8B)
Thursday - 14:30 = The Politics of Fashion(Room 8B)
Thursday - 15:30 = The Politics of Fashion(Room 8B)
Thursday - 16:30 = U.S. Race and Empire(Room 44Y)
Thursday - 17:30 = U.S. Race and Empire(Room 44Y)
Thursday - 18:30 = Adv Asian Am Undergrad Reading(Room 52M)
Friday - 7:30 = -(-)
Friday - 9:00 = -(-)
Friday - 10:30 = Adv Asian Am Undergrad Reading(Room 36W)
Friday - 11:30 = Adv Asian Am Undergrad Reading(Room 36W)
Friday - 12:30 = -(-)
Friday - 13:30 = -(-)
Friday - 14:30 = -(-)
Friday - 15:30 = -(-)
Friday - 16:30 = -(-)
Friday - 17:30 = Asian Families in America(Room 45L)
Friday - 18:30 = Asian Families in America(Room 45L)
