--------CONFIGURATION---------
Number of Particles       : 10
PSO Running Mode          : limitFV
Maximum Iteration         : 1
Target FV                 : 1
Global Best Position      : 2
Global Best Penalty Score : 17954.464883220724
Global Best Fitness Value : 5.5696452470412866E-5
Time Elapsed (in minutes) : 10
Particle 0: [0.0, 0.0],[0.0, 0.0],[10.0, 10.0],[0.0, 0.0],[37.0, 9.0],[0.0, 0.0],[0.0, 0.0],[0.0, 0.0],[0.0, 0.0],[36.0, 8.0],[0.0, 0.0],[0.0, 0.0],[0.0, 0.0],[0.0, 0.0],[48.0, 4.0],[0.0, 0.0],[13.0, 6.0],[30.0, 5.0],[0.0, 0.0],[12.0, 7.0],[0.0, 0.0],[0.0, 0.0],[15.0, 2.0],[15.0, 2.0],[0.0, 0.0],[0.0, 0.0],[0.0, 0.0],[0.0, 0.0],[28.0, 1.0],[28.0, 1.0],[0.0, 0.0],[33.0, 11.0],[0.0, 0.0],[0.0, 0.0],[0.0, 0.0],[0.0, 0.0],[0.0, 0.0],[0.0, 0.0],[0.0, 0.0],[0.0, 0.0],[0.0, 0.0],[0.0, 0.0],[0.0, 0.0],[0.0, 0.0],[0.0, 0.0],[0.0, 0.0],[0.0, 0.0],[37.0, 3.0],[0.0, 0.0],[0.0, 0.0],[5.0, 21.0],[0.0, 0.0],[43.0, 17.0],[20.0, 24.0],[20.0, 24.0],[3.0, 25.0],[3.0, 25.0],[13.0, 16.0],[5.0, 14.0],[5.0, 14.0],[32.0, 13.0],[32.0, 13.0],[8.0, 19.0],[8.0, 19.0],[3.0, 22.0],[3.0, 22.0],[17.0, 15.0],[17.0, 15.0],[0.0, 0.0],[45.0, 25.0],[26.0, 20.0],[26.0, 20.0],[26.0, 20.0],[17.0, 18.0],[26.0, 25.0],[26.0, 25.0],[26.0, 25.0],[16.0, 23.0],[16.0, 23.0],[0.47, 17.0],[0.47, 17.0],[0.0, 0.0],[33.0, 20.0],[8.0, 18.0],[8.0, 18.0],[44.0, 16.0],[44.0, 16.0],[8.0, 21.0],[8.0, 21.0],[33.0, 18.0],[33.0, 18.0],[0.0, 0.0],[9.0, 16.0],[9.0, 16.0],[0.0, 0.0],[52.0, 20.0],[52.0, 20.0],[0.0, 0.0],[0.0, 0.0],[38.0, 32.0],[0.0, 0.0],[32.0, 28.0],[0.47, 36.0],[0.47, 36.0],[25.0, 27.0],[25.0, 27.0],[25.0, 27.0],[26.0, 30.0],[26.0, 30.0],[29.0, 33.0],[29.0, 33.0],[34.0, 34.0],[34.0, 34.0],[41.0, 35.0],[41.0, 35.0],[7.0, 26.0],[7.0, 26.0],[0.0, 0.0],[34.0, 38.0],[46.0, 29.0],[8.0, 37.0],[8.0, 37.0],[20.0, 38.0],[20.0, 38.0],[20.0, 38.0],[39.0, 37.0],[33.0, 31.0],[33.0, 31.0],[34.0, 32.0],[34.0, 32.0],[52.0, 37.0],[52.0, 37.0],[0.0, 0.0],[26.0, 37.0],[0.0, 0.0],[8.0, 38.0],[36.0, 28.0],[36.0, 28.0],[0.0, 0.0],[29.0, 38.0],[29.0, 38.0],[29.0, 38.0],[28.0, 37.0],[39.0, 29.0],[39.0, 29.0],[39.0, 29.0],[39.0, 29.0],[0.0, 0.0],[28.0, 39.0],[0.0, 0.0],[31.0, 46.0],[30.0, 42.0],[30.0, 42.0],[51.0, 50.0],[0.0, 0.0],[47.0, 48.0],[31.0, 41.0],[31.0, 41.0],[47.0, 49.0],[47.0, 49.0],[27.0, 43.0],[27.0, 43.0],[31.0, 47.0],[31.0, 47.0],[0.47, 45.0],[0.47, 45.0],[42.0, 48.0],[52.0, 51.0],[0.0, 0.0],[33.0, 48.0],[40.0, 44.0],[0.0, 0.0],[51.0, 48.0],[0.0, 0.0],[38.0, 48.0],[29.0, 40.0],[29.0, 40.0],[42.0, 39.0],[42.0, 39.0],[0.0, 0.0],[8.0, 44.0],[14.0, 48.0],[14.0, 48.0],[34.0, 44.0],[0.0, 0.0],[44.0, 46.0],[44.0, 46.0],[30.0, 44.0],[30.0, 44.0],[30.0, 44.0],[30.0, 44.0],[30.0, 44.0],[0.0, 0.0],[14.0, 44.0],[0.0, 0.0],[48.0, 44.0],[0.0, 0.0],[45.0, 61.0],[0.0, 0.0],[36.0, 62.0],[0.0, 0.0],[36.0, 60.0],[7.0, 52.0],[4.0, 53.0],[43.0, 55.0],[0.0, 0.0],[49.0, 63.0],[0.0, 0.0],[19.0, 64.0],[0.0, 0.0],[43.0, 63.0],[43.0, 63.0],[26.0, 61.0],[26.0, 61.0],[0.0, 0.0],[51.0, 56.0],[11.0, 54.0],[13.0, 58.0],[35.0, 57.0],[5.0, 59.0],[0.0, 0.0],[0.0, 0.0],[0.0, 0.0],[0.0, 0.0],[27.0, 60.0],[27.0, 60.0],[20.0, 62.0],[20.0, 62.0],[0.0, 0.0],[0.0, 0.0],[0.0, 0.0],[0.0, 0.0],[0.0, 0.0],[0.0, 0.0],[43.0, 64.0],[43.0, 64.0],[0.0, 0.0],[0.0, 0.0],[0.0, 0.0],[0.0, 0.0],[0.0, 0.0],[0.0, 0.0],[0.0, 0.0],[0.0, 0.0],[0.0, 0.0],[8.0, 65.0],[8.0, 65.0],[0.0, 0.0],[49.0, 77.0],[29.0, 67.0],[29.0, 67.0],[0.0, 0.0],[48.0, 71.0],[32.0, 66.0],[0.0, 0.0],[24.0, 72.0],[45.0, 73.0],[45.0, 73.0],[39.0, 75.0],[39.0, 75.0],[34.0, 70.0],[34.0, 70.0],[24.0, 69.0],[24.0, 69.0],[0.0, 0.0],[6.0, 68.0],[27.0, 74.0],[44.0, 68.0],[44.0, 68.0],[44.0, 71.0],[12.0, 68.0],[12.0, 68.0],[12.0, 68.0],[32.0, 76.0],[32.0, 76.0],[29.0, 72.0],[29.0, 72.0],[53.0, 71.0],[53.0, 71.0],[53.0, 71.0],[0.0, 0.0],[24.0, 74.0],[24.0, 74.0],[41.0, 77.0],[41.0, 77.0],[52.0, 71.0],[52.0, 71.0],[0.0, 0.0],[8.0, 74.0],[8.0, 74.0],[49.0, 66.0],[49.0, 66.0],[49.0, 66.0],[49.0, 66.0],[0.0, 0.0],[34.0, 86.0],[0.0, 0.0],[25.0, 81.0],[8.0, 83.0],[8.0, 83.0],[5.0, 90.0],[0.0, 0.0],[30.0, 80.0],[39.0, 78.0],[39.0, 78.0],[34.0, 88.0],[34.0, 88.0],[47.0, 89.0],[47.0, 89.0],[9.0, 79.0],[9.0, 79.0],[41.0, 84.0],[41.0, 84.0],[53.0, 82.0],[53.0, 82.0],[3.0, 80.0],[24.0, 87.0],[0.0, 0.0],[7.0, 82.0],[7.0, 82.0],[0.0, 0.0],[10.0, 80.0],[34.0, 85.0],[34.0, 85.0],[41.0, 86.0],[41.0, 86.0],[0.0, 0.0],[49.0, 87.0],[49.0, 87.0],[31.0, 80.0],[31.0, 80.0],[32.0, 82.0],[32.0, 81.0],[32.0, 81.0],[28.0, 87.0],[28.0, 87.0],[49.0, 80.0],[49.0, 80.0],[32.0, 87.0],[32.0, 87.0],[0.0, 0.0],[36.0, 82.0],[36.0, 82.0],[0.0, 0.0],[19.0, 102.0],[0.0, 0.0],[3.0, 101.0],[0.0, 0.0],[1.0, 100.0],[41.0, 97.0],[45.0, 94.0],[18.0, 99.0],[22.0, 103.0],[22.0, 103.0],[0.0, 0.0],[42.0, 100.0],[32.0, 101.0],[0.0, 0.0],[37.0, 101.0],[50.0, 100.0],[50.0, 100.0],[50.0, 100.0],[52.0, 91.0],[18.0, 95.0],[50.0, 98.0],[25.0, 92.0],[53.0, 96.0],[21.0, 93.0],[0.0, 0.0],[0.0, 0.0],[0.0, 0.0],[22.0, 101.0],[22.0, 101.0],[2.0, 100.0],[0.0, 0.0],[0.0, 0.0],[0.0, 0.0],[0.0, 0.0],[0.0, 0.0],[0.0, 0.0],[0.0, 0.0],[35.0, 102.0],[35.0, 102.0],[0.0, 0.0],[0.0, 0.0],[0.0, 0.0],[0.0, 0.0],[0.0, 0.0],[0.0, 0.0],[0.0, 0.0],[0.0, 0.0],[0.0, 0.0],
Penalty: 264468.0| FV: 3.7811757944250343E-6
Particle 1: [21.0, 9.0],[21.0, 9.0],[39.0, 5.0],[0.0, 0.0],[15.0, 8.0],[0.0, 0.0],[7.0, 4.0],[7.0, 4.0],[0.0, 0.0],[50.0, 1.0],[44.0, 11.0],[44.0, 11.0],[6.0, 6.0],[6.0, 6.0],[0.0, 0.0],[0.0, 0.0],[0.0, 0.0],[0.0, 0.0],[0.0, 0.0],[0.0, 0.0],[0.0, 0.0],[0.0, 0.0],[0.0, 0.0],[0.0, 0.0],[0.0, 0.0],[0.0, 0.0],[5.0, 10.0],[5.0, 10.0],[0.0, 0.0],[23.0, 7.0],[23.0, 7.0],[0.0, 0.0],[0.0, 0.0],[0.0, 0.0],[0.0, 0.0],[0.0, 0.0],[0.0, 0.0],[0.0, 0.0],[0.0, 0.0],[0.0, 0.0],[0.0, 0.0],[0.0, 0.0],[0.0, 0.0],[0.0, 0.0],[0.0, 0.0],[50.0, 2.0],[50.0, 2.0],[0.0, 0.0],[0.0, 0.0],[0.0, 0.0],[0.47, 16.0],[0.0, 0.0],[43.0, 24.0],[53.0, 17.0],[53.0, 17.0],[0.0, 0.0],[13.0, 22.0],[49.0, 23.0],[32.0, 15.0],[32.0, 15.0],[9.0, 14.0],[9.0, 14.0],[21.0, 13.0],[21.0, 13.0],[6.0, 19.0],[6.0, 19.0],[7.0, 21.0],[7.0, 21.0],[0.0, 0.0],[40.0, 22.0],[21.0, 20.0],[21.0, 20.0],[21.0, 20.0],[28.0, 18.0],[3.0, 22.0],[3.0, 22.0],[3.0, 22.0],[18.0, 25.0],[18.0, 25.0],[11.0, 16.0],[11.0, 16.0],[42.0, 22.0],[42.0, 22.0],[45.0, 20.0],[0.0, 0.0],[26.0, 18.0],[26.0, 18.0],[32.0, 24.0],[32.0, 24.0],[11.0, 20.0],[11.0, 20.0],[9.0, 18.0],[9.0, 18.0],[15.0, 23.0],[15.0, 23.0],[0.0, 0.0],[18.0, 23.0],[18.0, 23.0],[0.0, 0.0],[42.0, 26.0],[0.0, 0.0],[50.0, 30.0],[38.0, 38.0],[38.0, 38.0],[0.0, 0.0],[18.0, 31.0],[25.0, 33.0],[49.0, 34.0],[49.0, 34.0],[32.0, 28.0],[32.0, 28.0],[47.0, 32.0],[47.0, 32.0],[46.0, 35.0],[46.0, 35.0],[35.0, 37.0],[35.0, 37.0],[34.0, 36.0],[34.0, 36.0],[22.0, 27.0],[0.0, 0.0],[22.0, 36.0],[22.0, 36.0],[22.0, 36.0],[22.0, 36.0],[6.0, 31.0],[21.0, 29.0],[21.0, 29.0],[24.0, 26.0],[24.0, 26.0],[9.0, 31.0],[9.0, 31.0],[34.0, 36.0],[34.0, 36.0],[13.0, 33.0],[13.0, 33.0],[47.0, 30.0],[47.0, 30.0],[0.0, 0.0],[39.0, 27.0],[39.0, 27.0],[33.0, 31.0],[33.0, 31.0],[7.0, 27.0],[7.0, 27.0],[33.0, 33.0],[33.0, 33.0],[0.0, 0.0],[11.0, 47.0],[0.0, 0.0],[44.0, 45.0],[28.0, 48.0],[28.0, 48.0],[2.0, 50.0],[0.0, 0.0],[22.0, 39.0],[2.0, 49.0],[2.0, 49.0],[20.0, 42.0],[20.0, 42.0],[37.0, 41.0],[37.0, 41.0],[9.0, 44.0],[9.0, 44.0],[53.0, 43.0],[53.0, 43.0],[27.0, 39.0],[21.0, 51.0],[4.0, 39.0],[4.0, 39.0],[0.0, 0.0],[26.0, 40.0],[26.0, 40.0],[0.0, 0.0],[41.0, 40.0],[26.0, 46.0],[26.0, 46.0],[44.0, 45.0],[44.0, 45.0],[0.0, 0.0],[3.0, 40.0],[3.0, 40.0],[0.0, 0.0],[24.0, 39.0],[10.0, 40.0],[42.0, 47.0],[42.0, 47.0],[35.0, 39.0],[35.0, 39.0],[35.0, 39.0],[48.0, 40.0],[48.0, 40.0],[48.0, 40.0],[0.0, 0.0],[52.0, 40.0],[52.0, 40.0],[29.0, 62.0],[29.0, 62.0],[0.0, 0.0],[48.0, 60.0],[0.0, 0.0],[6.0, 64.0],[43.0, 56.0],[28.0, 57.0],[18.0, 52.0],[0.0, 0.0],[21.0, 61.0],[0.0, 0.0],[30.0, 63.0],[26.0, 61.0],[26.0, 61.0],[0.0, 0.0],[45.0, 60.0],[0.0, 0.0],[51.0, 61.0],[5.0, 53.0],[47.0, 59.0],[35.0, 55.0],[0.47, 54.0],[42.0, 58.0],[0.0, 0.0],[0.0, 0.0],[0.0, 0.0],[0.0, 0.0],[53.0, 60.0],[53.0, 60.0],[6.0, 63.0],[6.0, 63.0],[0.0, 0.0],[0.0, 0.0],[0.0, 0.0],[0.0, 0.0],[0.0, 0.0],[0.0, 0.0],[8.0, 64.0],[8.0, 64.0],[0.0, 0.0],[0.0, 0.0],[0.0, 0.0],[0.0, 0.0],[0.0, 0.0],[0.0, 0.0],[0.0, 0.0],[0.0, 0.0],[0.0, 0.0],[0.0, 0.0],[35.0, 74.0],[0.0, 0.0],[21.0, 76.0],[7.0, 75.0],[7.0, 75.0],[0.0, 0.0],[10.0, 77.0],[43.0, 65.0],[52.0, 69.0],[52.0, 69.0],[53.0, 68.0],[53.0, 68.0],[36.0, 73.0],[36.0, 73.0],[42.0, 70.0],[42.0, 70.0],[10.0, 67.0],[10.0, 67.0],[8.0, 77.0],[8.0, 77.0],[52.0, 72.0],[45.0, 65.0],[45.0, 65.0],[15.0, 66.0],[9.0, 77.0],[9.0, 77.0],[9.0, 77.0],[30.0, 71.0],[30.0, 71.0],[32.0, 76.0],[32.0, 76.0],[0.0, 0.0],[34.0, 65.0],[5.0, 66.0],[5.0, 66.0],[14.0, 72.0],[14.0, 72.0],[37.0, 74.0],[37.0, 74.0],[0.0, 0.0],[6.0, 72.0],[6.0, 72.0],[0.0, 0.0],[26.0, 65.0],[26.0, 65.0],[0.0, 0.0],[3.0, 66.0],[3.0, 66.0],[0.0, 0.0],[52.0, 80.0],[0.0, 0.0],[23.0, 82.0],[44.0, 88.0],[44.0, 88.0],[0.0, 0.0],[52.0, 81.0],[42.0, 84.0],[14.0, 83.0],[14.0, 83.0],[27.0, 79.0],[27.0, 79.0],[39.0, 86.0],[39.0, 86.0],[38.0, 85.0],[38.0, 85.0],[28.0, 78.0],[28.0, 78.0],[36.0, 90.0],[0.0, 0.0],[23.0, 89.0],[23.0, 89.0],[5.0, 81.0],[0.0, 0.0],[41.0, 81.0],[0.0, 0.0],[1.0, 81.0],[49.0, 87.0],[49.0, 87.0],[47.0, 82.0],[47.0, 82.0],[44.0, 89.0],[44.0, 89.0],[44.0, 89.0],[45.0, 81.0],[45.0, 81.0],[7.0, 89.0],[0.47, 80.0],[0.47, 80.0],[0.0, 0.0],[2.0, 89.0],[2.0, 89.0],[46.0, 84.0],[46.0, 84.0],[0.0, 0.0],[29.0, 84.0],[29.0, 84.0],[0.0, 0.0],[0.0, 0.0],[41.0, 103.0],[0.0, 0.0],[11.0, 100.0],[0.0, 0.0],[48.0, 102.0],[22.0, 93.0],[40.0, 97.0],[45.0, 95.0],[47.0, 103.0],[47.0, 103.0],[0.0, 0.0],[41.0, 101.0],[0.0, 0.0],[5.0, 102.0],[41.0, 101.0],[41.0, 101.0],[0.0, 0.0],[17.0, 103.0],[21.0, 96.0],[13.0, 94.0],[15.0, 99.0],[7.0, 98.0],[43.0, 91.0],[47.0, 92.0],[0.0, 0.0],[0.0, 0.0],[0.0, 0.0],[11.0, 102.0],[11.0, 102.0],[46.0, 101.0],[46.0, 101.0],[0.0, 0.0],[0.0, 0.0],[0.0, 0.0],[0.0, 0.0],[0.0, 0.0],[0.0, 0.0],[23.0, 100.0],[23.0, 100.0],[0.0, 0.0],[0.0, 0.0],[0.0, 0.0],[0.0, 0.0],[0.0, 0.0],[0.0, 0.0],[0.0, 0.0],[0.0, 0.0],[0.0, 0.0],
Penalty: 24789.464101615136| FV: 4.033971835376812E-5
Particle 2: [9.0, 8.0],[9.0, 8.0],[7.0, 9.0],[7.0, 9.0],[34.0, 10.0],[34.0, 10.0],[27.0, 4.0],[27.0, 4.0],[27.0, 4.0],[20.0, 2.0],[20.0, 2.0],[2.0, 6.0],[2.0, 6.0],[38.0, 0.47],[38.0, 0.47],[51.0, 3.0],[51.0, 3.0],[45.0, 12.0],[45.0, 12.0],[3.0, 7.0],[3.0, 7.0],[3.0, 7.0],[50.0, 5.0],[50.0, 5.0],[50.0, 5.0],[39.0, 11.0],[39.0, 11.0],[39.0, 11.0],[27.0, 1.0],[27.0, 1.0],[0.0, 0.0],[0.0, 0.0],[0.0, 0.0],[0.0, 0.0],[0.0, 0.0],[0.0, 0.0],[0.0, 0.0],[0.0, 0.0],[0.0, 0.0],[0.0, 0.0],[0.0, 0.0],[0.0, 0.0],[0.0, 0.0],[0.0, 0.0],[0.0, 0.0],[0.0, 0.0],[0.0, 0.0],[0.0, 0.0],[0.0, 0.0],[50.0, 24.0],[50.0, 24.0],[23.0, 13.0],[23.0, 13.0],[45.0, 16.0],[45.0, 16.0],[29.0, 25.0],[29.0, 25.0],[29.0, 25.0],[10.0, 15.0],[10.0, 15.0],[23.0, 18.0],[23.0, 18.0],[40.0, 22.0],[40.0, 22.0],[26.0, 20.0],[26.0, 20.0],[20.0, 23.0],[20.0, 23.0],[47.0, 21.0],[47.0, 21.0],[47.0, 21.0],[48.0, 14.0],[48.0, 14.0],[48.0, 14.0],[35.0, 19.0],[35.0, 19.0],[35.0, 19.0],[32.0, 17.0],[32.0, 17.0],[0.0, 0.0],[0.0, 0.0],[0.0, 0.0],[0.0, 0.0],[0.0, 0.0],[0.0, 0.0],[0.0, 0.0],[0.0, 0.0],[0.0, 0.0],[0.0, 0.0],[0.0, 0.0],[0.0, 0.0],[0.0, 0.0],[0.0, 0.0],[0.0, 0.0],[0.0, 0.0],[0.0, 0.0],[0.0, 0.0],[0.0, 0.0],[49.0, 31.0],[49.0, 31.0],[46.0, 29.0],[46.0, 29.0],[8.0, 37.0],[8.0, 37.0],[10.0, 27.0],[10.0, 27.0],[10.0, 27.0],[3.0, 30.0],[3.0, 30.0],[29.0, 28.0],[29.0, 28.0],[25.0, 33.0],[25.0, 33.0],[23.0, 26.0],[23.0, 26.0],[11.0, 38.0],[11.0, 38.0],[48.0, 36.0],[48.0, 36.0],[48.0, 36.0],[4.0, 32.0],[4.0, 32.0],[4.0, 32.0],[3.0, 34.0],[3.0, 34.0],[3.0, 34.0],[38.0, 35.0],[38.0, 35.0],[0.0, 0.0],[0.0, 0.0],[0.0, 0.0],[0.0, 0.0],[0.0, 0.0],[0.0, 0.0],[0.0, 0.0],[0.0, 0.0],[0.0, 0.0],[0.0, 0.0],[0.0, 0.0],[0.0, 0.0],[0.0, 0.0],[0.0, 0.0],[0.0, 0.0],[0.0, 0.0],[0.0, 0.0],[0.0, 0.0],[0.0, 0.0],[32.0, 41.0],[32.0, 41.0],[25.0, 40.0],[25.0, 40.0],[50.0, 46.0],[50.0, 46.0],[45.0, 50.0],[52.0, 44.0],[52.0, 44.0],[44.0, 45.0],[44.0, 45.0],[40.0, 48.0],[40.0, 48.0],[4.0, 43.0],[4.0, 43.0],[18.0, 47.0],[18.0, 47.0],[15.0, 42.0],[15.0, 42.0],[13.0, 44.0],[31.0, 51.0],[14.0, 39.0],[14.0, 39.0],[14.0, 39.0],[0.0, 0.0],[0.0, 0.0],[0.0, 0.0],[0.0, 0.0],[52.0, 49.0],[52.0, 49.0],[0.0, 0.0],[0.0, 0.0],[0.0, 0.0],[0.0, 0.0],[0.0, 0.0],[0.0, 0.0],[0.0, 0.0],[0.0, 0.0],[0.0, 0.0],[0.0, 0.0],[0.0, 0.0],[0.0, 0.0],[0.0, 0.0],[0.0, 0.0],[0.0, 0.0],[0.0, 0.0],[0.0, 0.0],[0.0, 0.0],[0.0, 0.0],[45.0, 62.0],[45.0, 62.0],[38.0, 63.0],[38.0, 63.0],[24.0, 61.0],[24.0, 61.0],[43.0, 54.0],[1.0, 59.0],[2.0, 57.0],[15.0, 64.0],[15.0, 64.0],[51.0, 60.0],[51.0, 60.0],[0.0, 0.0],[0.0, 0.0],[0.0, 0.0],[0.0, 0.0],[0.0, 0.0],[0.0, 0.0],[7.0, 53.0],[19.0, 58.0],[28.0, 56.0],[42.0, 55.0],[39.0, 52.0],[0.0, 0.0],[0.0, 0.0],[0.0, 0.0],[0.0, 0.0],[0.0, 0.0],[0.0, 0.0],[0.0, 0.0],[0.0, 0.0],[0.0, 0.0],[0.0, 0.0],[0.0, 0.0],[0.0, 0.0],[0.0, 0.0],[0.0, 0.0],[0.0, 0.0],[0.0, 0.0],[0.0, 0.0],[0.0, 0.0],[0.0, 0.0],[0.0, 0.0],[0.0, 0.0],[0.0, 0.0],[0.0, 0.0],[0.0, 0.0],[0.0, 0.0],[24.0, 65.0],[24.0, 65.0],[3.0, 72.0],[3.0, 72.0],[6.0, 67.0],[6.0, 67.0],[21.0, 74.0],[21.0, 74.0],[21.0, 74.0],[32.0, 69.0],[32.0, 69.0],[31.0, 66.0],[31.0, 66.0],[16.0, 73.0],[16.0, 73.0],[10.0, 70.0],[10.0, 70.0],[53.0, 71.0],[53.0, 71.0],[10.0, 75.0],[10.0, 75.0],[10.0, 75.0],[46.0, 77.0],[46.0, 77.0],[46.0, 77.0],[6.0, 76.0],[6.0, 76.0],[6.0, 76.0],[40.0, 68.0],[40.0, 68.0],[0.0, 0.0],[0.0, 0.0],[0.0, 0.0],[0.0, 0.0],[0.0, 0.0],[0.0, 0.0],[0.0, 0.0],[0.0, 0.0],[0.0, 0.0],[0.0, 0.0],[0.0, 0.0],[0.0, 0.0],[0.0, 0.0],[0.0, 0.0],[0.0, 0.0],[0.0, 0.0],[0.0, 0.0],[0.0, 0.0],[0.0, 0.0],[21.0, 79.0],[21.0, 79.0],[0.47, 89.0],[0.47, 89.0],[10.0, 80.0],[10.0, 80.0],[25.0, 87.0],[25.0, 87.0],[25.0, 87.0],[27.0, 82.0],[27.0, 82.0],[15.0, 85.0],[15.0, 85.0],[24.0, 81.0],[24.0, 81.0],[43.0, 84.0],[43.0, 84.0],[31.0, 83.0],[31.0, 83.0],[15.0, 86.0],[15.0, 86.0],[15.0, 86.0],[29.0, 90.0],[43.0, 88.0],[43.0, 88.0],[43.0, 88.0],[0.0, 0.0],[0.0, 0.0],[51.0, 78.0],[51.0, 78.0],[0.0, 0.0],[0.0, 0.0],[0.0, 0.0],[0.0, 0.0],[0.0, 0.0],[0.0, 0.0],[0.0, 0.0],[0.0, 0.0],[0.0, 0.0],[0.0, 0.0],[0.0, 0.0],[0.0, 0.0],[0.0, 0.0],[0.0, 0.0],[0.0, 0.0],[0.0, 0.0],[0.0, 0.0],[0.0, 0.0],[0.0, 0.0],[14.0, 100.0],[14.0, 100.0],[11.0, 102.0],[11.0, 102.0],[46.0, 101.0],[46.0, 101.0],[51.0, 96.0],[23.0, 93.0],[8.0, 99.0],[48.0, 103.0],[48.0, 103.0],[0.0, 0.0],[0.0, 0.0],[0.0, 0.0],[0.0, 0.0],[0.0, 0.0],[0.0, 0.0],[0.0, 0.0],[0.0, 0.0],[38.0, 95.0],[8.0, 91.0],[46.0, 97.0],[33.0, 94.0],[8.0, 98.0],[12.0, 92.0],[0.0, 0.0],[0.0, 0.0],[0.0, 0.0],[0.0, 0.0],[0.0, 0.0],[0.0, 0.0],[0.0, 0.0],[0.0, 0.0],[0.0, 0.0],[0.0, 0.0],[0.0, 0.0],[0.0, 0.0],[0.0, 0.0],[0.0, 0.0],[0.0, 0.0],[0.0, 0.0],[0.0, 0.0],[0.0, 0.0],[0.0, 0.0],[0.0, 0.0],[0.0, 0.0],[0.0, 0.0],[0.0, 0.0],[0.0, 0.0],
Penalty: 17954.464883220724| FV: 5.5696452470412866E-5
Particle 3: [0.0, 0.0],[0.0, 0.0],[1.0, 4.0],[0.0, 0.0],[1.0, 1.0],[0.0, 0.0],[0.0, 0.0],[0.0, 0.0],[0.0, 0.0],[0.0, 0.0],[0.0, 0.0],[48.0, 12.0],[48.0, 12.0],[4.0, 0.47],[4.0, 0.47],[0.0, 0.0],[24.0, 8.0],[0.0, 0.0],[30.0, 6.0],[0.0, 0.0],[0.0, 0.0],[0.0, 0.0],[0.0, 0.0],[0.0, 0.0],[0.0, 0.0],[0.0, 0.0],[0.0, 0.0],[0.0, 0.0],[0.0, 0.0],[36.0, 7.0],[36.0, 7.0],[13.0, 10.0],[25.0, 3.0],[25.0, 3.0],[0.0, 0.0],[0.0, 0.0],[0.0, 0.0],[0.0, 0.0],[14.0, 5.0],[0.0, 0.0],[31.0, 2.0],[0.0, 0.0],[0.0, 0.0],[0.0, 0.0],[15.0, 9.0],[15.0, 9.0],[0.0, 0.0],[0.0, 0.0],[0.0, 0.0],[0.0, 0.0],[25.0, 22.0],[0.0, 0.0],[37.0, 14.0],[31.0, 25.0],[31.0, 25.0],[8.0, 13.0],[0.0, 0.0],[17.0, 13.0],[11.0, 23.0],[11.0, 23.0],[2.0, 24.0],[2.0, 24.0],[50.0, 18.0],[50.0, 18.0],[15.0, 19.0],[15.0, 19.0],[34.0, 17.0],[34.0, 17.0],[31.0, 20.0],[31.0, 20.0],[52.0, 15.0],[52.0, 15.0],[52.0, 15.0],[2.0, 21.0],[39.0, 13.0],[39.0, 13.0],[16.0, 20.0],[12.0, 16.0],[12.0, 16.0],[11.0, 22.0],[11.0, 22.0],[0.0, 0.0],[39.0, 15.0],[0.0, 0.0],[21.0, 13.0],[41.0, 15.0],[41.0, 15.0],[29.0, 14.0],[29.0, 14.0],[42.0, 20.0],[42.0, 20.0],[42.0, 13.0],[42.0, 13.0],[0.0, 0.0],[43.0, 21.0],[43.0, 21.0],[43.0, 21.0],[43.0, 21.0],[0.0, 0.0],[29.0, 33.0],[0.0, 0.0],[31.0, 28.0],[26.0, 35.0],[26.0, 35.0],[0.0, 0.0],[37.0, 37.0],[21.0, 30.0],[14.0, 31.0],[14.0, 31.0],[38.0, 32.0],[38.0, 32.0],[2.0, 38.0],[2.0, 38.0],[12.0, 26.0],[12.0, 26.0],[7.0, 34.0],[7.0, 34.0],[13.0, 37.0],[13.0, 37.0],[7.0, 29.0],[9.0, 36.0],[9.0, 36.0],[9.0, 36.0],[20.0, 37.0],[20.0, 37.0],[20.0, 37.0],[37.0, 27.0],[37.0, 27.0],[49.0, 33.0],[49.0, 33.0],[0.0, 0.0],[26.0, 37.0],[0.0, 0.0],[20.0, 36.0],[16.0, 29.0],[16.0, 29.0],[44.0, 28.0],[44.0, 28.0],[11.0, 36.0],[11.0, 36.0],[7.0, 29.0],[7.0, 29.0],[44.0, 30.0],[44.0, 30.0],[0.0, 0.0],[30.0, 30.0],[30.0, 30.0],[0.0, 0.0],[10.0, 46.0],[0.0, 0.0],[41.0, 44.0],[49.0, 41.0],[49.0, 41.0],[23.0, 51.0],[0.0, 0.0],[0.47, 40.0],[6.0, 49.0],[6.0, 49.0],[18.0, 47.0],[18.0, 47.0],[20.0, 45.0],[20.0, 45.0],[41.0, 48.0],[41.0, 48.0],[3.0, 39.0],[3.0, 39.0],[11.0, 40.0],[27.0, 42.0],[27.0, 42.0],[27.0, 42.0],[28.0, 50.0],[0.0, 0.0],[21.0, 42.0],[0.0, 0.0],[39.0, 42.0],[23.0, 43.0],[23.0, 43.0],[41.0, 44.0],[41.0, 44.0],[23.0, 40.0],[23.0, 40.0],[0.0, 0.0],[24.0, 42.0],[0.0, 0.0],[37.0, 40.0],[51.0, 46.0],[51.0, 46.0],[0.0, 0.0],[0.47, 40.0],[0.0, 0.0],[38.0, 42.0],[38.0, 42.0],[38.0, 42.0],[38.0, 42.0],[38.0, 42.0],[38.0, 42.0],[7.0, 62.0],[7.0, 62.0],[0.0, 0.0],[26.0, 61.0],[0.0, 0.0],[29.0, 63.0],[9.0, 55.0],[5.0, 53.0],[46.0, 56.0],[4.0, 64.0],[4.0, 64.0],[44.0, 60.0],[44.0, 60.0],[38.0, 63.0],[38.0, 63.0],[38.0, 63.0],[0.0, 0.0],[9.0, 61.0],[0.0, 0.0],[5.0, 52.0],[51.0, 59.0],[1.0, 58.0],[23.0, 54.0],[40.0, 57.0],[0.0, 0.0],[0.0, 0.0],[0.0, 0.0],[0.0, 0.0],[8.0, 61.0],[8.0, 61.0],[8.0, 61.0],[0.0, 0.0],[0.0, 0.0],[0.0, 0.0],[0.0, 0.0],[0.0, 0.0],[0.0, 0.0],[0.0, 0.0],[0.0, 0.0],[1.0, 63.0],[0.0, 0.0],[0.0, 0.0],[0.0, 0.0],[0.0, 0.0],[0.0, 0.0],[0.0, 0.0],[0.0, 0.0],[0.0, 0.0],[0.0, 0.0],[0.0, 0.0],[52.0, 70.0],[0.0, 0.0],[17.0, 65.0],[6.0, 66.0],[6.0, 66.0],[19.0, 74.0],[19.0, 74.0],[51.0, 71.0],[53.0, 76.0],[53.0, 76.0],[52.0, 73.0],[52.0, 73.0],[43.0, 68.0],[43.0, 68.0],[2.0, 69.0],[2.0, 69.0],[19.0, 67.0],[19.0, 67.0],[3.0, 75.0],[3.0, 75.0],[3.0, 75.0],[3.0, 71.0],[3.0, 71.0],[32.0, 74.0],[17.0, 72.0],[17.0, 72.0],[17.0, 72.0],[39.0, 77.0],[39.0, 77.0],[0.47, 65.0],[0.47, 65.0],[0.0, 0.0],[6.0, 74.0],[0.0, 0.0],[50.0, 72.0],[0.0, 0.0],[25.0, 71.0],[34.0, 70.0],[34.0, 70.0],[0.0, 0.0],[48.0, 71.0],[48.0, 71.0],[0.0, 0.0],[7.0, 72.0],[7.0, 72.0],[0.0, 0.0],[15.0, 74.0],[15.0, 74.0],[0.0, 0.0],[6.0, 88.0],[0.0, 0.0],[30.0, 87.0],[39.0, 89.0],[39.0, 89.0],[52.0, 90.0],[0.0, 0.0],[11.0, 80.0],[24.0, 86.0],[24.0, 86.0],[16.0, 85.0],[16.0, 85.0],[24.0, 83.0],[24.0, 83.0],[16.0, 79.0],[16.0, 79.0],[39.0, 82.0],[39.0, 82.0],[14.0, 80.0],[0.0, 0.0],[20.0, 80.0],[5.0, 84.0],[18.0, 78.0],[18.0, 78.0],[18.0, 78.0],[3.0, 84.0],[3.0, 84.0],[43.0, 81.0],[43.0, 81.0],[34.0, 88.0],[34.0, 88.0],[0.0, 0.0],[52.0, 78.0],[0.0, 0.0],[30.0, 78.0],[30.0, 78.0],[0.0, 0.0],[30.0, 87.0],[30.0, 87.0],[0.0, 0.0],[19.0, 80.0],[19.0, 80.0],[19.0, 80.0],[48.0, 78.0],[0.0, 0.0],[20.0, 84.0],[20.0, 84.0],[20.0, 84.0],[47.0, 100.0],[47.0, 100.0],[15.0, 102.0],[15.0, 102.0],[37.0, 101.0],[37.0, 101.0],[20.0, 98.0],[4.0, 91.0],[30.0, 99.0],[32.0, 103.0],[32.0, 103.0],[0.0, 0.0],[0.0, 0.0],[0.0, 0.0],[0.0, 0.0],[0.0, 0.0],[0.0, 0.0],[0.0, 0.0],[0.0, 0.0],[35.0, 96.0],[53.0, 95.0],[5.0, 92.0],[6.0, 94.0],[26.0, 97.0],[12.0, 93.0],[0.0, 0.0],[0.0, 0.0],[0.0, 0.0],[0.0, 0.0],[0.0, 0.0],[0.0, 0.0],[0.0, 0.0],[0.0, 0.0],[0.0, 0.0],[0.0, 0.0],[0.0, 0.0],[0.0, 0.0],[0.0, 0.0],[0.0, 0.0],[0.0, 0.0],[0.0, 0.0],[0.0, 0.0],[0.0, 0.0],[0.0, 0.0],[0.0, 0.0],[0.0, 0.0],[0.0, 0.0],[0.0, 0.0],[0.0, 0.0],
Penalty: 23875.2360679775| FV: 4.1884402615027676E-5
Particle 4: [27.0, 5.0],[27.0, 5.0],[27.0, 9.0],[27.0, 9.0],[46.0, 12.0],[0.0, 0.0],[0.0, 0.0],[0.0, 0.0],[0.0, 0.0],[0.0, 0.0],[0.0, 0.0],[28.0, 8.0],[10.0, 6.0],[10.0, 6.0],[0.0, 0.0],[0.0, 0.0],[6.0, 11.0],[6.0, 11.0],[0.0, 0.0],[0.0, 0.0],[0.0, 0.0],[30.0, 7.0],[30.0, 7.0],[0.0, 0.0],[0.0, 0.0],[42.0, 2.0],[0.0, 0.0],[0.0, 0.0],[45.0, 1.0],[45.0, 1.0],[28.0, 10.0],[0.0, 0.0],[0.0, 0.0],[0.0, 0.0],[0.0, 0.0],[0.0, 0.0],[0.0, 0.0],[0.0, 0.0],[0.0, 0.0],[0.0, 0.0],[19.0, 4.0],[0.0, 0.0],[0.0, 0.0],[0.0, 0.0],[0.0, 0.0],[26.0, 3.0],[0.0, 0.0],[0.0, 0.0],[0.0, 0.0],[0.0, 0.0],[10.0, 20.0],[0.0, 0.0],[30.0, 19.0],[47.0, 24.0],[47.0, 24.0],[0.0, 0.0],[33.0, 21.0],[14.0, 16.0],[11.0, 14.0],[11.0, 14.0],[31.0, 25.0],[31.0, 25.0],[44.0, 22.0],[44.0, 22.0],[29.0, 18.0],[29.0, 18.0],[16.0, 13.0],[16.0, 13.0],[6.0, 23.0],[6.0, 23.0],[50.0, 15.0],[42.0, 21.0],[42.0, 21.0],[39.0, 23.0],[4.0, 21.0],[4.0, 21.0],[4.0, 21.0],[30.0, 17.0],[30.0, 17.0],[32.0, 19.0],[32.0, 19.0],[0.0, 0.0],[19.0, 23.0],[1.0, 15.0],[1.0, 15.0],[9.0, 23.0],[9.0, 23.0],[15.0, 20.0],[15.0, 20.0],[0.0, 0.0],[29.0, 16.0],[29.0, 16.0],[0.0, 0.0],[11.0, 16.0],[11.0, 16.0],[26.0, 15.0],[26.0, 15.0],[0.0, 0.0],[0.0, 0.0],[28.0, 36.0],[0.0, 0.0],[47.0, 34.0],[11.0, 27.0],[11.0, 27.0],[0.0, 0.0],[24.0, 35.0],[11.0, 30.0],[21.0, 26.0],[21.0, 26.0],[50.0, 29.0],[50.0, 29.0],[16.0, 32.0],[16.0, 32.0],[21.0, 31.0],[21.0, 31.0],[2.0, 33.0],[2.0, 33.0],[31.0, 38.0],[31.0, 38.0],[31.0, 38.0],[51.0, 28.0],[51.0, 28.0],[51.0, 28.0],[20.0, 35.0],[20.0, 35.0],[20.0, 35.0],[8.0, 37.0],[8.0, 37.0],[9.0, 36.0],[9.0, 36.0],[0.0, 0.0],[40.0, 28.0],[0.0, 0.0],[30.0, 38.0],[26.0, 28.0],[26.0, 28.0],[28.0, 34.0],[28.0, 34.0],[36.0, 38.0],[36.0, 38.0],[27.0, 30.0],[27.0, 30.0],[14.0, 35.0],[14.0, 35.0],[30.0, 30.0],[30.0, 30.0],[0.0, 0.0],[0.0, 0.0],[51.0, 49.0],[0.0, 0.0],[14.0, 39.0],[16.0, 46.0],[16.0, 46.0],[24.0, 50.0],[0.0, 0.0],[29.0, 40.0],[8.0, 41.0],[8.0, 41.0],[40.0, 47.0],[40.0, 47.0],[30.0, 42.0],[30.0, 42.0],[18.0, 44.0],[18.0, 44.0],[38.0, 48.0],[38.0, 48.0],[34.0, 40.0],[15.0, 51.0],[0.0, 0.0],[26.0, 40.0],[0.0, 0.0],[6.0, 45.0],[6.0, 45.0],[0.0, 0.0],[26.0, 45.0],[37.0, 43.0],[37.0, 43.0],[29.0, 49.0],[29.0, 49.0],[0.0, 0.0],[25.0, 45.0],[0.0, 0.0],[51.0, 45.0],[51.0, 45.0],[2.0, 40.0],[44.0, 39.0],[44.0, 39.0],[17.0, 45.0],[17.0, 45.0],[17.0, 45.0],[17.0, 45.0],[17.0, 45.0],[0.0, 0.0],[5.0, 45.0],[15.0, 40.0],[15.0, 40.0],[0.0, 0.0],[21.0, 61.0],[43.0, 63.0],[43.0, 63.0],[0.0, 0.0],[13.0, 60.0],[52.0, 56.0],[1.0, 55.0],[44.0, 52.0],[31.0, 64.0],[31.0, 64.0],[0.0, 0.0],[14.0, 62.0],[0.0, 0.0],[33.0, 61.0],[33.0, 61.0],[20.0, 60.0],[20.0, 60.0],[0.0, 0.0],[32.0, 57.0],[41.0, 59.0],[36.0, 58.0],[18.0, 53.0],[20.0, 54.0],[0.0, 0.0],[0.0, 0.0],[0.0, 0.0],[0.0, 0.0],[0.0, 0.0],[21.0, 61.0],[0.0, 0.0],[11.0, 60.0],[0.0, 0.0],[0.0, 0.0],[0.0, 0.0],[0.0, 0.0],[0.0, 0.0],[0.0, 0.0],[18.0, 62.0],[18.0, 62.0],[0.0, 0.0],[0.0, 0.0],[0.0, 0.0],[0.0, 0.0],[0.0, 0.0],[0.0, 0.0],[0.0, 0.0],[0.0, 0.0],[0.0, 0.0],[0.0, 0.0],[31.0, 70.0],[0.0, 0.0],[31.0, 73.0],[38.0, 71.0],[38.0, 71.0],[36.0, 74.0],[36.0, 74.0],[36.0, 68.0],[24.0, 75.0],[24.0, 75.0],[44.0, 67.0],[44.0, 67.0],[3.0, 69.0],[3.0, 69.0],[7.0, 77.0],[7.0, 77.0],[10.0, 76.0],[10.0, 76.0],[0.0, 0.0],[29.0, 74.0],[34.0, 65.0],[0.0, 0.0],[10.0, 72.0],[10.0, 72.0],[36.0, 74.0],[36.0, 74.0],[36.0, 74.0],[34.0, 66.0],[34.0, 66.0],[34.0, 70.0],[34.0, 70.0],[11.0, 65.0],[11.0, 65.0],[0.0, 0.0],[33.0, 74.0],[23.0, 65.0],[23.0, 65.0],[11.0, 73.0],[11.0, 73.0],[0.0, 0.0],[3.0, 72.0],[3.0, 72.0],[0.0, 0.0],[39.0, 68.0],[39.0, 68.0],[39.0, 68.0],[39.0, 68.0],[0.0, 0.0],[0.0, 0.0],[24.0, 83.0],[0.0, 0.0],[52.0, 88.0],[17.0, 84.0],[17.0, 84.0],[4.0, 90.0],[0.0, 0.0],[6.0, 89.0],[38.0, 78.0],[38.0, 78.0],[5.0, 80.0],[5.0, 80.0],[46.0, 82.0],[46.0, 82.0],[52.0, 81.0],[52.0, 81.0],[53.0, 86.0],[53.0, 86.0],[0.47, 89.0],[0.0, 0.0],[33.0, 85.0],[41.0, 87.0],[41.0, 87.0],[41.0, 87.0],[31.0, 85.0],[0.0, 0.0],[21.0, 87.0],[0.47, 79.0],[0.47, 79.0],[47.0, 88.0],[47.0, 88.0],[0.0, 0.0],[52.0, 85.0],[52.0, 85.0],[52.0, 85.0],[52.0, 85.0],[0.0, 0.0],[37.0, 83.0],[37.0, 83.0],[0.0, 0.0],[12.0, 87.0],[30.0, 89.0],[30.0, 89.0],[7.0, 87.0],[7.0, 87.0],[0.0, 0.0],[9.0, 85.0],[9.0, 85.0],[33.0, 100.0],[33.0, 100.0],[42.0, 102.0],[42.0, 102.0],[3.0, 101.0],[3.0, 101.0],[45.0, 92.0],[5.0, 96.0],[26.0, 91.0],[45.0, 103.0],[45.0, 103.0],[0.0, 0.0],[0.0, 0.0],[0.0, 0.0],[0.0, 0.0],[0.0, 0.0],[0.0, 0.0],[0.0, 0.0],[0.0, 0.0],[21.0, 95.0],[44.0, 94.0],[45.0, 97.0],[40.0, 99.0],[26.0, 98.0],[12.0, 93.0],[0.0, 0.0],[0.0, 0.0],[0.0, 0.0],[0.0, 0.0],[0.0, 0.0],[0.0, 0.0],[0.0, 0.0],[0.0, 0.0],[0.0, 0.0],[0.0, 0.0],[0.0, 0.0],[0.0, 0.0],[0.0, 0.0],[0.0, 0.0],[0.0, 0.0],[0.0, 0.0],[0.0, 0.0],[0.0, 0.0],[0.0, 0.0],[0.0, 0.0],[0.0, 0.0],[0.0, 0.0],[0.0, 0.0],[0.0, 0.0],
Penalty: 23485.414213562373| FV: 4.257961945685077E-5
Particle 5: [0.0, 0.0],[0.0, 0.0],[2.0, 3.0],[0.0, 0.0],[15.0, 4.0],[0.0, 0.0],[0.0, 0.0],[0.0, 0.0],[0.0, 0.0],[8.0, 11.0],[0.0, 0.0],[35.0, 10.0],[0.0, 0.0],[0.0, 0.0],[0.0, 0.0],[9.0, 7.0],[9.0, 7.0],[53.0, 12.0],[0.0, 0.0],[0.0, 0.0],[0.0, 0.0],[0.0, 0.0],[0.0, 0.0],[0.0, 0.0],[0.0, 0.0],[49.0, 9.0],[0.0, 0.0],[0.0, 0.0],[0.0, 0.0],[47.0, 1.0],[47.0, 1.0],[0.0, 0.0],[0.0, 0.0],[0.0, 0.0],[0.0, 0.0],[0.0, 0.0],[0.0, 0.0],[0.0, 0.0],[8.0, 6.0],[0.0, 0.0],[0.0, 0.0],[8.0, 5.0],[0.0, 0.0],[0.0, 0.0],[0.0, 0.0],[0.0, 0.0],[0.0, 0.0],[0.0, 0.0],[0.0, 0.0],[0.0, 0.0],[11.0, 22.0],[0.0, 0.0],[15.0, 21.0],[44.0, 15.0],[44.0, 15.0],[0.0, 0.0],[1.0, 13.0],[12.0, 23.0],[11.0, 14.0],[11.0, 14.0],[36.0, 19.0],[36.0, 19.0],[24.0, 24.0],[24.0, 24.0],[13.0, 17.0],[13.0, 17.0],[32.0, 18.0],[32.0, 18.0],[0.0, 0.0],[30.0, 23.0],[31.0, 20.0],[53.0, 13.0],[53.0, 13.0],[0.47, 25.0],[3.0, 23.0],[3.0, 23.0],[26.0, 13.0],[40.0, 16.0],[40.0, 16.0],[5.0, 22.0],[5.0, 22.0],[41.0, 13.0],[41.0, 13.0],[14.0, 23.0],[0.0, 0.0],[0.47, 20.0],[0.47, 20.0],[29.0, 21.0],[29.0, 21.0],[20.0, 20.0],[20.0, 20.0],[0.0, 0.0],[3.0, 25.0],[3.0, 25.0],[19.0, 23.0],[19.0, 23.0],[45.0, 25.0],[45.0, 25.0],[0.0, 0.0],[39.0, 26.0],[0.0, 0.0],[0.47, 36.0],[13.0, 33.0],[13.0, 33.0],[39.0, 30.0],[39.0, 30.0],[1.0, 34.0],[7.0, 38.0],[7.0, 38.0],[28.0, 35.0],[28.0, 35.0],[23.0, 31.0],[23.0, 31.0],[0.47, 27.0],[0.47, 27.0],[14.0, 32.0],[14.0, 32.0],[0.0, 0.0],[9.0, 28.0],[53.0, 37.0],[20.0, 28.0],[20.0, 28.0],[20.0, 28.0],[20.0, 28.0],[20.0, 28.0],[21.0, 30.0],[41.0, 29.0],[41.0, 29.0],[51.0, 36.0],[51.0, 36.0],[0.0, 0.0],[28.0, 28.0],[41.0, 37.0],[41.0, 37.0],[0.0, 0.0],[53.0, 28.0],[45.0, 26.0],[45.0, 26.0],[0.0, 0.0],[36.0, 30.0],[36.0, 30.0],[2.0, 37.0],[2.0, 37.0],[50.0, 34.0],[50.0, 34.0],[50.0, 34.0],[50.0, 34.0],[0.0, 0.0],[46.0, 40.0],[0.0, 0.0],[32.0, 48.0],[31.0, 41.0],[31.0, 41.0],[34.0, 51.0],[52.0, 50.0],[2.0, 47.0],[44.0, 39.0],[44.0, 39.0],[22.0, 49.0],[22.0, 49.0],[3.0, 46.0],[3.0, 46.0],[21.0, 45.0],[21.0, 45.0],[25.0, 42.0],[25.0, 42.0],[0.0, 0.0],[1.0, 44.0],[1.0, 44.0],[14.0, 47.0],[0.0, 0.0],[1.0, 44.0],[1.0, 44.0],[0.0, 0.0],[17.0, 44.0],[27.0, 43.0],[27.0, 43.0],[22.0, 40.0],[22.0, 40.0],[2.0, 44.0],[2.0, 44.0],[2.0, 44.0],[0.0, 0.0],[8.0, 44.0],[8.0, 44.0],[12.0, 48.0],[12.0, 48.0],[49.0, 47.0],[49.0, 47.0],[49.0, 47.0],[0.0, 0.0],[4.0, 44.0],[47.0, 47.0],[47.0, 47.0],[0.0, 0.0],[8.0, 44.0],[35.0, 62.0],[35.0, 62.0],[46.0, 63.0],[46.0, 63.0],[21.0, 61.0],[21.0, 61.0],[8.0, 55.0],[0.47, 58.0],[40.0, 53.0],[0.0, 0.0],[53.0, 60.0],[0.0, 0.0],[25.0, 64.0],[19.0, 60.0],[19.0, 60.0],[0.0, 0.0],[51.0, 60.0],[0.0, 0.0],[10.0, 60.0],[37.0, 56.0],[23.0, 54.0],[6.0, 57.0],[4.0, 52.0],[15.0, 59.0],[0.0, 0.0],[0.0, 0.0],[0.0, 0.0],[0.0, 0.0],[0.0, 0.0],[33.0, 64.0],[33.0, 64.0],[33.0, 64.0],[0.0, 0.0],[0.0, 0.0],[0.0, 0.0],[0.0, 0.0],[0.0, 0.0],[0.0, 0.0],[0.0, 0.0],[25.0, 64.0],[0.0, 0.0],[0.0, 0.0],[0.0, 0.0],[0.0, 0.0],[0.0, 0.0],[0.0, 0.0],[0.0, 0.0],[0.0, 0.0],[0.0, 0.0],[0.0, 0.0],[44.0, 72.0],[0.0, 0.0],[40.0, 69.0],[17.0, 77.0],[17.0, 77.0],[0.0, 0.0],[4.0, 67.0],[16.0, 65.0],[0.47, 74.0],[0.47, 74.0],[3.0, 71.0],[3.0, 71.0],[39.0, 73.0],[39.0, 73.0],[48.0, 68.0],[48.0, 68.0],[34.0, 70.0],[34.0, 70.0],[0.0, 0.0],[45.0, 65.0],[12.0, 66.0],[46.0, 65.0],[46.0, 65.0],[34.0, 67.0],[44.0, 76.0],[44.0, 76.0],[44.0, 76.0],[15.0, 75.0],[15.0, 75.0],[50.0, 72.0],[50.0, 72.0],[19.0, 66.0],[19.0, 66.0],[0.0, 0.0],[25.0, 66.0],[29.0, 67.0],[29.0, 67.0],[41.0, 69.0],[41.0, 69.0],[19.0, 67.0],[19.0, 67.0],[24.0, 65.0],[17.0, 66.0],[17.0, 66.0],[0.0, 0.0],[12.0, 65.0],[12.0, 65.0],[0.0, 0.0],[0.0, 0.0],[1.0, 78.0],[0.0, 0.0],[27.0, 86.0],[9.0, 82.0],[9.0, 82.0],[21.0, 85.0],[21.0, 85.0],[9.0, 84.0],[35.0, 88.0],[35.0, 88.0],[51.0, 87.0],[51.0, 87.0],[35.0, 89.0],[35.0, 89.0],[3.0, 81.0],[3.0, 81.0],[4.0, 80.0],[4.0, 80.0],[35.0, 85.0],[35.0, 85.0],[5.0, 83.0],[0.0, 0.0],[9.0, 85.0],[9.0, 85.0],[10.0, 90.0],[0.0, 0.0],[38.0, 85.0],[44.0, 79.0],[44.0, 79.0],[29.0, 78.0],[29.0, 78.0],[50.0, 84.0],[50.0, 84.0],[50.0, 84.0],[50.0, 84.0],[50.0, 84.0],[50.0, 84.0],[36.0, 86.0],[36.0, 86.0],[15.0, 83.0],[15.0, 83.0],[51.0, 84.0],[51.0, 84.0],[0.0, 0.0],[41.0, 85.0],[0.0, 0.0],[31.0, 83.0],[31.0, 83.0],[23.0, 100.0],[23.0, 100.0],[0.0, 0.0],[41.0, 101.0],[0.0, 0.0],[24.0, 103.0],[7.0, 92.0],[10.0, 99.0],[4.0, 94.0],[0.0, 0.0],[31.0, 102.0],[0.0, 0.0],[12.0, 103.0],[12.0, 103.0],[0.0, 0.0],[34.0, 102.0],[36.0, 103.0],[36.0, 103.0],[36.0, 103.0],[33.0, 96.0],[44.0, 95.0],[21.0, 98.0],[32.0, 91.0],[6.0, 93.0],[49.0, 97.0],[0.0, 0.0],[0.0, 0.0],[0.0, 0.0],[0.0, 0.0],[53.0, 102.0],[53.0, 102.0],[0.0, 0.0],[0.0, 0.0],[0.0, 0.0],[0.0, 0.0],[0.0, 0.0],[0.0, 0.0],[0.0, 0.0],[27.0, 101.0],[27.0, 101.0],[0.0, 0.0],[0.0, 0.0],[0.0, 0.0],[0.0, 0.0],[0.0, 0.0],[0.0, 0.0],[0.0, 0.0],[0.0, 0.0],[0.0, 0.0],
Penalty: 24795.732050807568| FV: 4.0329521143032E-5
Particle 6: [27.0, 8.0],[0.0, 0.0],[0.0, 0.0],[0.0, 0.0],[41.0, 4.0],[0.0, 0.0],[0.0, 0.0],[0.0, 0.0],[38.0, 12.0],[16.0, 11.0],[0.0, 0.0],[12.0, 6.0],[0.0, 0.0],[0.0, 0.0],[0.0, 0.0],[37.0, 3.0],[37.0, 3.0],[0.0, 0.0],[0.0, 0.0],[0.0, 0.0],[0.0, 0.0],[0.0, 0.0],[0.0, 0.0],[30.0, 1.0],[0.0, 0.0],[0.0, 0.0],[0.0, 0.0],[0.0, 0.0],[23.0, 2.0],[0.0, 0.0],[16.0, 10.0],[16.0, 10.0],[0.0, 0.0],[0.0, 0.0],[50.0, 5.0],[0.0, 0.0],[0.0, 0.0],[0.0, 0.0],[43.0, 9.0],[0.0, 0.0],[0.0, 0.0],[0.0, 0.0],[0.0, 0.0],[0.0, 0.0],[0.0, 0.0],[0.0, 0.0],[0.0, 0.0],[0.0, 0.0],[0.0, 0.0],[0.0, 0.0],[44.0, 17.0],[0.0, 0.0],[4.0, 23.0],[32.0, 16.0],[32.0, 16.0],[0.0, 0.0],[13.0, 22.0],[50.0, 20.0],[43.0, 15.0],[43.0, 15.0],[15.0, 24.0],[15.0, 24.0],[38.0, 13.0],[38.0, 13.0],[19.0, 21.0],[19.0, 21.0],[25.0, 19.0],[25.0, 19.0],[0.0, 0.0],[35.0, 18.0],[46.0, 14.0],[6.0, 22.0],[6.0, 22.0],[6.0, 22.0],[1.0, 18.0],[1.0, 18.0],[1.0, 18.0],[18.0, 25.0],[18.0, 25.0],[47.0, 23.0],[47.0, 23.0],[0.0, 0.0],[9.0, 14.0],[9.0, 14.0],[0.0, 0.0],[29.0, 14.0],[29.0, 14.0],[19.0, 17.0],[19.0, 17.0],[30.0, 18.0],[30.0, 18.0],[33.0, 22.0],[33.0, 22.0],[13.0, 20.0],[13.0, 20.0],[13.0, 20.0],[13.0, 20.0],[0.0, 0.0],[0.0, 0.0],[10.0, 38.0],[0.0, 0.0],[29.0, 26.0],[23.0, 34.0],[23.0, 34.0],[0.0, 0.0],[48.0, 29.0],[41.0, 31.0],[21.0, 33.0],[21.0, 33.0],[33.0, 36.0],[33.0, 36.0],[3.0, 30.0],[3.0, 30.0],[45.0, 35.0],[45.0, 35.0],[42.0, 27.0],[42.0, 27.0],[7.0, 37.0],[7.0, 37.0],[7.0, 37.0],[39.0, 28.0],[39.0, 28.0],[0.47, 29.0],[0.47, 29.0],[0.47, 29.0],[35.0, 28.0],[4.0, 32.0],[4.0, 32.0],[2.0, 38.0],[2.0, 38.0],[0.0, 0.0],[34.0, 37.0],[0.0, 0.0],[0.47, 29.0],[7.0, 37.0],[7.0, 37.0],[24.0, 26.0],[24.0, 26.0],[46.0, 28.0],[46.0, 28.0],[20.0, 29.0],[20.0, 29.0],[0.0, 0.0],[16.0, 31.0],[16.0, 31.0],[16.0, 31.0],[16.0, 31.0],[0.0, 0.0],[37.0, 44.0],[0.0, 0.0],[45.0, 42.0],[47.0, 41.0],[47.0, 41.0],[47.0, 51.0],[49.0, 50.0],[18.0, 48.0],[28.0, 47.0],[28.0, 47.0],[11.0, 46.0],[11.0, 46.0],[5.0, 43.0],[5.0, 43.0],[21.0, 39.0],[21.0, 39.0],[0.47, 45.0],[0.47, 45.0],[0.0, 0.0],[15.0, 48.0],[0.0, 0.0],[4.0, 49.0],[4.0, 49.0],[4.0, 49.0],[0.0, 0.0],[30.0, 49.0],[30.0, 49.0],[47.0, 40.0],[47.0, 40.0],[31.0, 44.0],[31.0, 44.0],[0.0, 0.0],[18.0, 49.0],[18.0, 49.0],[18.0, 49.0],[18.0, 49.0],[18.0, 49.0],[20.0, 42.0],[20.0, 42.0],[0.0, 0.0],[5.0, 48.0],[5.0, 48.0],[5.0, 48.0],[24.0, 49.0],[24.0, 49.0],[0.0, 0.0],[0.47, 48.0],[0.0, 0.0],[0.0, 0.0],[51.0, 60.0],[49.0, 63.0],[49.0, 63.0],[21.0, 61.0],[21.0, 61.0],[29.0, 53.0],[43.0, 55.0],[47.0, 54.0],[5.0, 64.0],[5.0, 64.0],[0.0, 0.0],[18.0, 62.0],[10.0, 60.0],[10.0, 60.0],[0.0, 0.0],[18.0, 60.0],[0.0, 0.0],[8.0, 62.0],[41.0, 57.0],[23.0, 52.0],[9.0, 59.0],[19.0, 56.0],[31.0, 58.0],[0.0, 0.0],[0.0, 0.0],[0.0, 0.0],[0.0, 0.0],[0.0, 0.0],[36.0, 62.0],[36.0, 62.0],[36.0, 62.0],[0.0, 0.0],[0.0, 0.0],[0.0, 0.0],[0.0, 0.0],[0.0, 0.0],[0.0, 0.0],[0.0, 0.0],[53.0, 62.0],[0.0, 0.0],[0.0, 0.0],[0.0, 0.0],[0.0, 0.0],[0.0, 0.0],[0.0, 0.0],[0.0, 0.0],[0.0, 0.0],[0.0, 0.0],[0.0, 0.0],[26.0, 68.0],[0.0, 0.0],[24.0, 66.0],[3.0, 69.0],[3.0, 69.0],[33.0, 74.0],[33.0, 74.0],[7.0, 71.0],[8.0, 75.0],[8.0, 75.0],[23.0, 67.0],[23.0, 67.0],[42.0, 72.0],[42.0, 72.0],[9.0, 65.0],[9.0, 65.0],[7.0, 70.0],[7.0, 70.0],[11.0, 73.0],[11.0, 73.0],[35.0, 74.0],[42.0, 77.0],[42.0, 77.0],[42.0, 77.0],[15.0, 74.0],[15.0, 74.0],[28.0, 73.0],[37.0, 76.0],[37.0, 76.0],[51.0, 66.0],[51.0, 66.0],[2.0, 73.0],[2.0, 73.0],[0.0, 0.0],[15.0, 74.0],[0.0, 0.0],[4.0, 73.0],[0.47, 68.0],[0.47, 68.0],[0.0, 0.0],[13.0, 74.0],[0.0, 0.0],[16.0, 73.0],[30.0, 71.0],[30.0, 71.0],[30.0, 71.0],[30.0, 71.0],[0.0, 0.0],[22.0, 79.0],[22.0, 79.0],[0.0, 0.0],[28.0, 83.0],[0.0, 0.0],[40.0, 82.0],[25.0, 90.0],[0.0, 0.0],[13.0, 89.0],[14.0, 81.0],[14.0, 81.0],[4.0, 84.0],[4.0, 84.0],[7.0, 86.0],[7.0, 86.0],[27.0, 78.0],[27.0, 78.0],[40.0, 87.0],[40.0, 87.0],[23.0, 89.0],[0.0, 0.0],[11.0, 80.0],[11.0, 80.0],[36.0, 88.0],[36.0, 88.0],[36.0, 88.0],[0.0, 0.0],[51.0, 80.0],[51.0, 85.0],[51.0, 85.0],[39.0, 83.0],[39.0, 83.0],[0.0, 0.0],[16.0, 89.0],[16.0, 89.0],[16.0, 89.0],[0.0, 0.0],[36.0, 80.0],[27.0, 82.0],[27.0, 82.0],[0.0, 0.0],[27.0, 80.0],[0.0, 0.0],[22.0, 89.0],[15.0, 80.0],[15.0, 80.0],[15.0, 80.0],[15.0, 80.0],[15.0, 80.0],[0.0, 0.0],[31.0, 103.0],[0.0, 0.0],[50.0, 100.0],[0.0, 0.0],[34.0, 102.0],[41.0, 92.0],[5.0, 93.0],[20.0, 98.0],[0.0, 0.0],[29.0, 101.0],[49.0, 103.0],[49.0, 103.0],[25.0, 100.0],[0.0, 0.0],[14.0, 103.0],[0.0, 0.0],[18.0, 103.0],[0.0, 0.0],[50.0, 99.0],[26.0, 97.0],[43.0, 91.0],[25.0, 96.0],[28.0, 94.0],[34.0, 95.0],[0.0, 0.0],[0.0, 0.0],[0.0, 0.0],[6.0, 101.0],[6.0, 101.0],[53.0, 102.0],[53.0, 102.0],[0.0, 0.0],[0.0, 0.0],[0.0, 0.0],[0.0, 0.0],[0.0, 0.0],[0.0, 0.0],[17.0, 100.0],[17.0, 100.0],[0.0, 0.0],[0.0, 0.0],[0.0, 0.0],[0.0, 0.0],[0.0, 0.0],[0.0, 0.0],[0.0, 0.0],[0.0, 0.0],[0.0, 0.0],
Penalty: 184281.8783151775| FV: 5.426469542977519E-6
Particle 7: [15.0, 7.0],[15.0, 7.0],[3.0, 8.0],[0.0, 0.0],[11.0, 4.0],[0.0, 0.0],[0.0, 0.0],[0.0, 0.0],[0.0, 0.0],[25.0, 12.0],[0.0, 0.0],[33.0, 2.0],[0.0, 0.0],[0.0, 0.0],[0.0, 0.0],[0.0, 0.0],[39.0, 5.0],[39.0, 5.0],[18.0, 3.0],[0.0, 0.0],[0.0, 0.0],[0.0, 0.0],[0.0, 0.0],[0.0, 0.0],[0.0, 0.0],[0.0, 0.0],[0.0, 0.0],[0.0, 0.0],[15.0, 1.0],[0.0, 0.0],[51.0, 11.0],[0.0, 0.0],[0.0, 0.0],[0.0, 0.0],[0.0, 0.0],[0.0, 0.0],[0.0, 0.0],[0.0, 0.0],[0.0, 0.0],[0.0, 0.0],[0.0, 0.0],[0.0, 0.0],[0.0, 0.0],[15.0, 6.0],[0.0, 0.0],[0.0, 0.0],[0.0, 0.0],[0.0, 0.0],[0.0, 0.0],[0.0, 0.0],[3.0, 16.0],[0.0, 0.0],[49.0, 24.0],[41.0, 18.0],[41.0, 18.0],[0.0, 0.0],[51.0, 19.0],[44.0, 22.0],[23.0, 23.0],[23.0, 23.0],[21.0, 15.0],[21.0, 15.0],[10.0, 13.0],[10.0, 13.0],[44.0, 20.0],[44.0, 20.0],[26.0, 17.0],[26.0, 17.0],[0.0, 0.0],[28.0, 19.0],[28.0, 19.0],[1.0, 14.0],[1.0, 14.0],[1.0, 14.0],[10.0, 25.0],[10.0, 25.0],[10.0, 25.0],[32.0, 21.0],[32.0, 21.0],[47.0, 24.0],[47.0, 24.0],[47.0, 19.0],[47.0, 19.0],[30.0, 25.0],[34.0, 22.0],[34.0, 22.0],[0.0, 0.0],[11.0, 16.0],[11.0, 16.0],[0.0, 0.0],[46.0, 19.0],[46.0, 19.0],[46.0, 19.0],[46.0, 19.0],[47.0, 25.0],[47.0, 25.0],[14.0, 22.0],[14.0, 22.0],[0.0, 0.0],[46.0, 38.0],[0.0, 0.0],[52.0, 37.0],[18.0, 34.0],[18.0, 34.0],[0.0, 0.0],[36.0, 30.0],[35.0, 35.0],[49.0, 33.0],[49.0, 33.0],[43.0, 26.0],[43.0, 26.0],[34.0, 28.0],[34.0, 28.0],[43.0, 27.0],[43.0, 27.0],[28.0, 36.0],[28.0, 36.0],[49.0, 29.0],[49.0, 29.0],[5.0, 30.0],[50.0, 32.0],[50.0, 32.0],[50.0, 32.0],[45.0, 35.0],[45.0, 35.0],[5.0, 29.0],[6.0, 31.0],[6.0, 31.0],[35.0, 38.0],[35.0, 38.0],[0.0, 0.0],[53.0, 35.0],[6.0, 30.0],[6.0, 30.0],[4.0, 29.0],[0.0, 0.0],[28.0, 37.0],[28.0, 37.0],[0.0, 0.0],[12.0, 30.0],[14.0, 35.0],[14.0, 35.0],[0.0, 0.0],[27.0, 30.0],[27.0, 30.0],[52.0, 29.0],[52.0, 29.0],[0.0, 0.0],[18.0, 46.0],[0.0, 0.0],[44.0, 42.0],[46.0, 49.0],[46.0, 49.0],[18.0, 51.0],[41.0, 50.0],[12.0, 43.0],[29.0, 45.0],[29.0, 45.0],[49.0, 40.0],[49.0, 40.0],[52.0, 39.0],[52.0, 39.0],[1.0, 47.0],[1.0, 47.0],[13.0, 41.0],[13.0, 41.0],[0.0, 0.0],[8.0, 43.0],[18.0, 48.0],[18.0, 48.0],[18.0, 48.0],[0.0, 0.0],[34.0, 43.0],[0.0, 0.0],[23.0, 48.0],[25.0, 44.0],[25.0, 44.0],[13.0, 42.0],[13.0, 42.0],[0.0, 0.0],[28.0, 48.0],[28.0, 48.0],[28.0, 48.0],[43.0, 43.0],[0.0, 0.0],[51.0, 46.0],[51.0, 46.0],[0.0, 0.0],[8.0, 43.0],[8.0, 43.0],[0.0, 0.0],[26.0, 48.0],[0.0, 0.0],[5.0, 48.0],[5.0, 48.0],[5.0, 48.0],[0.0, 0.0],[38.0, 64.0],[0.0, 0.0],[12.0, 61.0],[0.0, 0.0],[42.0, 63.0],[38.0, 53.0],[9.0, 56.0],[32.0, 54.0],[0.0, 0.0],[41.0, 60.0],[0.0, 0.0],[29.0, 62.0],[0.0, 0.0],[53.0, 60.0],[53.0, 60.0],[0.0, 0.0],[33.0, 64.0],[33.0, 64.0],[11.0, 59.0],[31.0, 57.0],[27.0, 52.0],[16.0, 58.0],[13.0, 55.0],[0.0, 0.0],[0.0, 0.0],[0.0, 0.0],[0.0, 0.0],[16.0, 63.0],[16.0, 63.0],[2.0, 61.0],[2.0, 61.0],[0.0, 0.0],[0.0, 0.0],[0.0, 0.0],[0.0, 0.0],[0.0, 0.0],[0.0, 0.0],[25.0, 62.0],[25.0, 62.0],[0.0, 0.0],[0.0, 0.0],[0.0, 0.0],[0.0, 0.0],[0.0, 0.0],[0.0, 0.0],[0.0, 0.0],[0.0, 0.0],[0.0, 0.0],[0.0, 0.0],[32.0, 73.0],[0.0, 0.0],[37.0, 77.0],[28.0, 68.0],[28.0, 68.0],[0.0, 0.0],[0.47, 69.0],[0.47, 69.0],[20.0, 75.0],[20.0, 75.0],[7.0, 71.0],[7.0, 71.0],[14.0, 74.0],[14.0, 74.0],[5.0, 67.0],[5.0, 67.0],[47.0, 65.0],[47.0, 65.0],[51.0, 70.0],[51.0, 70.0],[51.0, 70.0],[41.0, 66.0],[41.0, 66.0],[41.0, 66.0],[26.0, 76.0],[26.0, 76.0],[26.0, 76.0],[12.0, 72.0],[12.0, 72.0],[40.0, 77.0],[40.0, 77.0],[22.0, 70.0],[22.0, 70.0],[0.0, 0.0],[13.0, 66.0],[0.0, 0.0],[3.0, 69.0],[3.0, 73.0],[3.0, 73.0],[25.0, 69.0],[25.0, 69.0],[41.0, 70.0],[41.0, 70.0],[1.0, 66.0],[1.0, 66.0],[0.0, 0.0],[28.0, 69.0],[28.0, 69.0],[0.0, 0.0],[2.0, 85.0],[30.0, 89.0],[30.0, 89.0],[0.0, 0.0],[13.0, 82.0],[35.0, 90.0],[0.0, 0.0],[47.0, 79.0],[11.0, 80.0],[11.0, 80.0],[9.0, 78.0],[9.0, 78.0],[46.0, 86.0],[46.0, 86.0],[18.0, 87.0],[18.0, 87.0],[15.0, 88.0],[15.0, 88.0],[39.0, 79.0],[0.47, 83.0],[0.47, 83.0],[0.47, 83.0],[0.0, 0.0],[23.0, 79.0],[23.0, 79.0],[0.0, 0.0],[53.0, 81.0],[8.0, 84.0],[8.0, 84.0],[25.0, 82.0],[25.0, 82.0],[0.0, 0.0],[39.0, 79.0],[0.0, 0.0],[41.0, 81.0],[41.0, 81.0],[0.0, 0.0],[22.0, 85.0],[22.0, 85.0],[41.0, 83.0],[41.0, 83.0],[0.0, 0.0],[34.0, 81.0],[34.0, 81.0],[34.0, 81.0],[34.0, 81.0],[0.0, 0.0],[46.0, 83.0],[0.0, 0.0],[26.0, 103.0],[38.0, 102.0],[38.0, 102.0],[0.0, 0.0],[27.0, 100.0],[40.0, 93.0],[53.0, 94.0],[31.0, 92.0],[0.0, 0.0],[8.0, 101.0],[8.0, 101.0],[8.0, 101.0],[0.0, 0.0],[39.0, 100.0],[39.0, 100.0],[0.0, 0.0],[2.0, 100.0],[0.0, 0.0],[22.0, 96.0],[9.0, 97.0],[11.0, 95.0],[7.0, 91.0],[7.0, 98.0],[30.0, 99.0],[0.0, 0.0],[0.0, 0.0],[0.0, 0.0],[0.0, 0.0],[48.0, 101.0],[0.0, 0.0],[33.0, 103.0],[0.0, 0.0],[0.0, 0.0],[0.0, 0.0],[0.0, 0.0],[0.0, 0.0],[0.0, 0.0],[5.0, 103.0],[5.0, 103.0],[0.0, 0.0],[0.0, 0.0],[0.0, 0.0],[0.0, 0.0],[0.0, 0.0],[0.0, 0.0],[0.0, 0.0],[0.0, 0.0],[0.0, 0.0],
Penalty: 23988.464101615136| FV: 4.16867038991742E-5
Particle 8: [0.0, 0.0],[0.0, 0.0],[50.0, 1.0],[0.0, 0.0],[46.0, 11.0],[0.0, 0.0],[0.0, 0.0],[0.0, 0.0],[0.0, 0.0],[45.0, 10.0],[0.0, 0.0],[19.0, 5.0],[0.0, 0.0],[40.0, 7.0],[40.0, 7.0],[10.0, 3.0],[10.0, 3.0],[13.0, 2.0],[0.0, 0.0],[0.0, 0.0],[0.0, 0.0],[0.0, 0.0],[0.0, 0.0],[0.0, 0.0],[0.0, 0.0],[0.0, 0.0],[0.0, 0.0],[0.0, 0.0],[28.0, 6.0],[0.0, 0.0],[0.0, 0.0],[0.0, 0.0],[0.0, 0.0],[0.0, 0.0],[0.0, 0.0],[44.0, 12.0],[0.0, 0.0],[0.0, 0.0],[0.0, 0.0],[0.0, 0.0],[0.0, 0.0],[0.0, 0.0],[46.0, 9.0],[46.0, 9.0],[0.0, 0.0],[0.0, 0.0],[0.0, 0.0],[0.0, 0.0],[0.0, 0.0],[0.0, 0.0],[50.0, 16.0],[0.0, 0.0],[13.0, 25.0],[37.0, 19.0],[37.0, 19.0],[0.0, 0.0],[40.0, 23.0],[40.0, 23.0],[29.0, 21.0],[29.0, 21.0],[30.0, 15.0],[30.0, 15.0],[6.0, 22.0],[6.0, 22.0],[49.0, 17.0],[49.0, 17.0],[45.0, 18.0],[45.0, 18.0],[6.0, 14.0],[6.0, 14.0],[44.0, 24.0],[36.0, 14.0],[36.0, 14.0],[19.0, 13.0],[15.0, 23.0],[15.0, 23.0],[18.0, 14.0],[45.0, 20.0],[45.0, 20.0],[14.0, 16.0],[14.0, 16.0],[0.0, 0.0],[41.0, 13.0],[41.0, 13.0],[27.0, 24.0],[27.0, 24.0],[0.0, 0.0],[24.0, 25.0],[24.0, 25.0],[8.0, 13.0],[8.0, 13.0],[0.0, 0.0],[19.0, 23.0],[19.0, 23.0],[19.0, 23.0],[51.0, 24.0],[51.0, 24.0],[0.0, 0.0],[0.0, 0.0],[29.0, 26.0],[0.0, 0.0],[23.0, 32.0],[13.0, 38.0],[13.0, 38.0],[0.0, 0.0],[16.0, 31.0],[10.0, 33.0],[31.0, 27.0],[31.0, 27.0],[33.0, 37.0],[33.0, 37.0],[22.0, 29.0],[22.0, 29.0],[50.0, 28.0],[50.0, 28.0],[30.0, 36.0],[30.0, 36.0],[36.0, 34.0],[36.0, 34.0],[9.0, 35.0],[22.0, 33.0],[22.0, 33.0],[21.0, 34.0],[2.0, 31.0],[2.0, 31.0],[2.0, 31.0],[21.0, 30.0],[21.0, 30.0],[0.47, 26.0],[0.47, 26.0],[0.0, 0.0],[35.0, 34.0],[31.0, 31.0],[31.0, 31.0],[0.0, 0.0],[6.0, 33.0],[9.0, 32.0],[9.0, 32.0],[1.0, 35.0],[1.0, 35.0],[1.0, 35.0],[1.0, 35.0],[53.0, 33.0],[53.0, 33.0],[0.0, 0.0],[44.0, 34.0],[44.0, 34.0],[0.0, 0.0],[44.0, 39.0],[0.0, 0.0],[34.0, 46.0],[22.0, 44.0],[22.0, 44.0],[0.47, 51.0],[45.0, 50.0],[8.0, 42.0],[14.0, 43.0],[14.0, 43.0],[37.0, 47.0],[37.0, 47.0],[0.47, 40.0],[0.47, 40.0],[12.0, 41.0],[12.0, 41.0],[20.0, 45.0],[20.0, 45.0],[0.0, 0.0],[10.0, 42.0],[34.0, 49.0],[34.0, 49.0],[34.0, 49.0],[0.0, 0.0],[16.0, 49.0],[16.0, 49.0],[0.0, 0.0],[39.0, 48.0],[39.0, 48.0],[3.0, 39.0],[3.0, 39.0],[15.0, 49.0],[15.0, 49.0],[46.0, 42.0],[0.0, 0.0],[32.0, 49.0],[0.0, 0.0],[22.0, 46.0],[22.0, 46.0],[0.0, 0.0],[34.0, 49.0],[12.0, 42.0],[0.0, 0.0],[30.0, 42.0],[30.0, 42.0],[30.0, 42.0],[2.0, 49.0],[2.0, 49.0],[0.0, 0.0],[22.0, 61.0],[0.0, 0.0],[39.0, 64.0],[0.0, 0.0],[45.0, 60.0],[2.0, 54.0],[13.0, 53.0],[27.0, 56.0],[0.0, 0.0],[13.0, 63.0],[0.0, 0.0],[11.0, 62.0],[0.0, 0.0],[52.0, 62.0],[52.0, 62.0],[52.0, 62.0],[49.0, 63.0],[49.0, 63.0],[40.0, 52.0],[9.0, 57.0],[23.0, 55.0],[52.0, 59.0],[7.0, 58.0],[0.0, 0.0],[0.0, 0.0],[0.0, 0.0],[0.0, 0.0],[32.0, 60.0],[32.0, 60.0],[43.0, 61.0],[43.0, 61.0],[0.0, 0.0],[0.0, 0.0],[0.0, 0.0],[0.0, 0.0],[0.0, 0.0],[0.0, 0.0],[33.0, 64.0],[33.0, 64.0],[0.0, 0.0],[0.0, 0.0],[0.0, 0.0],[0.0, 0.0],[0.0, 0.0],[0.0, 0.0],[0.0, 0.0],[0.0, 0.0],[0.0, 0.0],[6.0, 65.0],[6.0, 65.0],[0.0, 0.0],[42.0, 75.0],[0.0, 0.0],[49.0, 72.0],[19.0, 66.0],[19.0, 66.0],[19.0, 66.0],[43.0, 70.0],[43.0, 70.0],[52.0, 76.0],[52.0, 76.0],[15.0, 68.0],[15.0, 68.0],[31.0, 71.0],[31.0, 71.0],[4.0, 73.0],[4.0, 73.0],[43.0, 66.0],[43.0, 66.0],[29.0, 74.0],[16.0, 77.0],[16.0, 77.0],[16.0, 77.0],[30.0, 74.0],[30.0, 74.0],[17.0, 69.0],[27.0, 67.0],[27.0, 67.0],[50.0, 75.0],[50.0, 75.0],[0.0, 0.0],[33.0, 74.0],[0.0, 0.0],[52.0, 66.0],[0.0, 0.0],[43.0, 66.0],[30.0, 72.0],[30.0, 72.0],[0.0, 0.0],[36.0, 74.0],[36.0, 74.0],[0.0, 0.0],[35.0, 69.0],[35.0, 69.0],[0.0, 0.0],[28.0, 69.0],[28.0, 69.0],[0.0, 0.0],[16.0, 85.0],[0.0, 0.0],[37.0, 83.0],[10.0, 78.0],[10.0, 78.0],[12.0, 90.0],[0.0, 0.0],[11.0, 79.0],[53.0, 88.0],[53.0, 88.0],[42.0, 86.0],[42.0, 86.0],[8.0, 82.0],[8.0, 82.0],[2.0, 87.0],[2.0, 87.0],[53.0, 80.0],[53.0, 80.0],[51.0, 79.0],[7.0, 89.0],[7.0, 89.0],[0.0, 0.0],[50.0, 84.0],[50.0, 84.0],[17.0, 89.0],[0.0, 0.0],[36.0, 79.0],[37.0, 81.0],[37.0, 81.0],[42.0, 85.0],[42.0, 85.0],[18.0, 84.0],[18.0, 84.0],[37.0, 89.0],[0.0, 0.0],[43.0, 84.0],[0.0, 0.0],[18.0, 83.0],[18.0, 83.0],[19.0, 89.0],[19.0, 89.0],[53.0, 79.0],[53.0, 79.0],[0.0, 0.0],[10.0, 89.0],[0.0, 0.0],[4.0, 84.0],[4.0, 84.0],[0.0, 0.0],[28.0, 101.0],[0.0, 0.0],[19.0, 100.0],[0.0, 0.0],[15.0, 103.0],[33.0, 98.0],[10.0, 93.0],[50.0, 97.0],[0.0, 0.0],[8.0, 102.0],[23.0, 103.0],[23.0, 103.0],[23.0, 103.0],[30.0, 101.0],[30.0, 101.0],[39.0, 100.0],[0.0, 0.0],[3.0, 101.0],[25.0, 96.0],[14.0, 91.0],[43.0, 92.0],[45.0, 94.0],[46.0, 95.0],[17.0, 99.0],[0.0, 0.0],[0.0, 0.0],[0.0, 0.0],[0.0, 0.0],[28.0, 103.0],[40.0, 102.0],[40.0, 102.0],[0.0, 0.0],[0.0, 0.0],[0.0, 0.0],[0.0, 0.0],[0.0, 0.0],[0.0, 0.0],[5.0, 100.0],[5.0, 100.0],[0.0, 0.0],[0.0, 0.0],[0.0, 0.0],[0.0, 0.0],[0.0, 0.0],[0.0, 0.0],[0.0, 0.0],[0.0, 0.0],[0.0, 0.0],
Penalty: 24297.732050807568| FV: 4.1156104524856825E-5
Particle 9: [37.0, 8.0],[0.0, 0.0],[50.0, 5.0],[50.0, 5.0],[50.0, 3.0],[0.0, 0.0],[0.0, 0.0],[0.0, 0.0],[0.0, 0.0],[35.0, 10.0],[0.0, 0.0],[2.0, 4.0],[3.0, 6.0],[3.0, 6.0],[0.0, 0.0],[0.0, 0.0],[42.0, 7.0],[0.0, 0.0],[0.0, 0.0],[0.0, 0.0],[0.0, 0.0],[0.0, 0.0],[0.0, 0.0],[0.0, 0.0],[0.0, 0.0],[0.0, 0.0],[7.0, 11.0],[7.0, 11.0],[7.0, 1.0],[7.0, 1.0],[1.0, 2.0],[1.0, 2.0],[0.0, 0.0],[0.0, 0.0],[0.0, 0.0],[0.0, 0.0],[0.0, 0.0],[0.0, 0.0],[0.0, 0.0],[0.0, 0.0],[0.0, 0.0],[0.0, 0.0],[0.0, 0.0],[0.0, 0.0],[37.0, 12.0],[28.0, 9.0],[0.0, 0.0],[0.0, 0.0],[0.0, 0.0],[0.0, 0.0],[8.0, 20.0],[0.0, 0.0],[36.0, 25.0],[34.0, 16.0],[34.0, 16.0],[0.0, 0.0],[30.0, 22.0],[30.0, 14.0],[43.0, 17.0],[43.0, 17.0],[11.0, 13.0],[11.0, 13.0],[19.0, 24.0],[19.0, 24.0],[32.0, 18.0],[32.0, 18.0],[32.0, 19.0],[32.0, 19.0],[51.0, 21.0],[51.0, 21.0],[51.0, 21.0],[26.0, 23.0],[26.0, 23.0],[26.0, 23.0],[34.0, 14.0],[34.0, 14.0],[8.0, 22.0],[52.0, 15.0],[52.0, 15.0],[4.0, 25.0],[4.0, 25.0],[38.0, 22.0],[38.0, 22.0],[52.0, 23.0],[0.0, 0.0],[18.0, 14.0],[18.0, 14.0],[48.0, 20.0],[48.0, 20.0],[0.0, 0.0],[3.0, 22.0],[0.0, 0.0],[4.0, 14.0],[5.0, 22.0],[5.0, 22.0],[0.0, 0.0],[46.0, 23.0],[46.0, 23.0],[0.0, 0.0],[13.0, 26.0],[0.0, 0.0],[12.0, 32.0],[21.0, 38.0],[21.0, 38.0],[0.0, 0.0],[17.0, 31.0],[25.0, 29.0],[2.0, 30.0],[2.0, 30.0],[20.0, 35.0],[20.0, 35.0],[8.0, 28.0],[8.0, 28.0],[33.0, 27.0],[33.0, 27.0],[42.0, 37.0],[42.0, 37.0],[35.0, 34.0],[35.0, 34.0],[36.0, 31.0],[42.0, 36.0],[42.0, 36.0],[11.0, 34.0],[11.0, 31.0],[11.0, 31.0],[9.0, 36.0],[0.47, 33.0],[0.47, 33.0],[47.0, 26.0],[47.0, 26.0],[0.0, 0.0],[43.0, 31.0],[0.0, 0.0],[53.0, 34.0],[8.0, 29.0],[8.0, 29.0],[45.0, 32.0],[45.0, 32.0],[0.47, 34.0],[0.47, 34.0],[47.0, 36.0],[47.0, 36.0],[8.0, 31.0],[8.0, 31.0],[0.0, 0.0],[3.0, 29.0],[3.0, 29.0],[0.0, 0.0],[23.0, 43.0],[0.0, 0.0],[22.0, 44.0],[48.0, 39.0],[48.0, 39.0],[24.0, 50.0],[0.0, 0.0],[36.0, 40.0],[49.0, 45.0],[49.0, 45.0],[42.0, 46.0],[42.0, 46.0],[21.0, 49.0],[21.0, 49.0],[23.0, 48.0],[23.0, 48.0],[41.0, 41.0],[41.0, 41.0],[9.0, 40.0],[25.0, 47.0],[25.0, 47.0],[25.0, 47.0],[47.0, 51.0],[0.0, 0.0],[24.0, 47.0],[0.0, 0.0],[27.0, 47.0],[5.0, 42.0],[5.0, 42.0],[9.0, 44.0],[9.0, 44.0],[0.0, 0.0],[23.0, 47.0],[23.0, 47.0],[0.0, 0.0],[11.0, 40.0],[0.0, 0.0],[43.0, 43.0],[43.0, 43.0],[37.0, 47.0],[37.0, 47.0],[0.0, 0.0],[33.0, 40.0],[0.0, 0.0],[36.0, 40.0],[36.0, 40.0],[0.0, 0.0],[25.0, 47.0],[0.0, 0.0],[22.0, 63.0],[0.0, 0.0],[0.47, 62.0],[0.0, 0.0],[52.0, 60.0],[8.0, 58.0],[18.0, 59.0],[51.0, 53.0],[34.0, 64.0],[34.0, 64.0],[0.0, 0.0],[53.0, 61.0],[53.0, 61.0],[53.0, 61.0],[10.0, 62.0],[0.0, 0.0],[11.0, 63.0],[11.0, 63.0],[22.0, 56.0],[33.0, 57.0],[6.0, 54.0],[23.0, 52.0],[31.0, 55.0],[0.0, 0.0],[0.0, 0.0],[0.0, 0.0],[0.0, 0.0],[0.0, 0.0],[18.0, 60.0],[18.0, 60.0],[0.0, 0.0],[0.0, 0.0],[0.0, 0.0],[0.0, 0.0],[0.0, 0.0],[0.0, 0.0],[0.0, 0.0],[44.0, 62.0],[44.0, 62.0],[0.0, 0.0],[0.0, 0.0],[0.0, 0.0],[0.0, 0.0],[0.0, 0.0],[0.0, 0.0],[0.0, 0.0],[0.0, 0.0],[0.0, 0.0],[0.0, 0.0],[48.0, 71.0],[0.0, 0.0],[42.0, 70.0],[38.0, 77.0],[38.0, 77.0],[0.0, 0.0],[50.0, 68.0],[22.0, 67.0],[22.0, 75.0],[22.0, 75.0],[52.0, 66.0],[52.0, 66.0],[10.0, 74.0],[10.0, 74.0],[40.0, 76.0],[40.0, 76.0],[20.0, 65.0],[20.0, 65.0],[45.0, 67.0],[45.0, 67.0],[39.0, 72.0],[52.0, 68.0],[52.0, 68.0],[36.0, 69.0],[46.0, 68.0],[46.0, 68.0],[46.0, 68.0],[50.0, 73.0],[50.0, 73.0],[11.0, 70.0],[11.0, 70.0],[0.0, 0.0],[20.0, 67.0],[0.0, 0.0],[35.0, 68.0],[40.0, 67.0],[40.0, 67.0],[14.0, 71.0],[14.0, 71.0],[14.0, 69.0],[14.0, 69.0],[14.0, 69.0],[14.0, 69.0],[42.0, 72.0],[42.0, 72.0],[0.0, 0.0],[52.0, 72.0],[52.0, 72.0],[0.0, 0.0],[4.0, 84.0],[0.0, 0.0],[46.0, 80.0],[10.0, 83.0],[10.0, 83.0],[33.0, 90.0],[0.0, 0.0],[46.0, 79.0],[8.0, 88.0],[8.0, 88.0],[6.0, 78.0],[6.0, 78.0],[49.0, 86.0],[49.0, 86.0],[18.0, 89.0],[18.0, 89.0],[50.0, 81.0],[50.0, 81.0],[17.0, 79.0],[37.0, 85.0],[37.0, 85.0],[37.0, 85.0],[0.0, 0.0],[44.0, 79.0],[50.0, 87.0],[2.0, 85.0],[2.0, 85.0],[29.0, 82.0],[29.0, 82.0],[15.0, 84.0],[15.0, 84.0],[0.0, 0.0],[50.0, 87.0],[50.0, 87.0],[50.0, 87.0],[0.0, 0.0],[7.0, 79.0],[22.0, 80.0],[22.0, 80.0],[42.0, 79.0],[42.0, 79.0],[39.0, 85.0],[15.0, 87.0],[15.0, 87.0],[0.0, 0.0],[17.0, 87.0],[0.0, 0.0],[31.0, 85.0],[0.0, 0.0],[27.0, 102.0],[0.0, 0.0],[26.0, 101.0],[0.0, 0.0],[0.47, 103.0],[0.47, 92.0],[9.0, 94.0],[19.0, 95.0],[0.0, 0.0],[37.0, 100.0],[0.0, 0.0],[14.0, 101.0],[36.0, 100.0],[0.0, 0.0],[25.0, 102.0],[36.0, 101.0],[36.0, 101.0],[36.0, 101.0],[21.0, 97.0],[15.0, 96.0],[35.0, 98.0],[17.0, 99.0],[51.0, 91.0],[28.0, 93.0],[0.0, 0.0],[0.0, 0.0],[0.0, 0.0],[9.0, 102.0],[9.0, 102.0],[39.0, 100.0],[39.0, 100.0],[0.0, 0.0],[0.0, 0.0],[0.0, 0.0],[0.0, 0.0],[0.0, 0.0],[0.0, 0.0],[51.0, 103.0],[51.0, 103.0],[0.0, 0.0],[0.0, 0.0],[0.0, 0.0],[0.0, 0.0],[0.0, 0.0],[0.0, 0.0],[0.0, 0.0],[0.0, 0.0],[0.0, 0.0],
Penalty: 144389.73205080756| FV: 6.925700226717798E-6
-----Schedules, Global Best-----
--Group 1:
Monday - 7:30 = Food and Asian Americans(Room 39C)
Monday - 9:00 = Food and Asian Americans(Room 39C)
Monday - 10:30 = Asian Families in America(Room 51D)
Monday - 12:00 = Asian Families in America(Room 51D)
Monday - 13:30 = Race and Cultural Diversity(Room 44Y)
Monday - 15:00 = Race and Cultural Diversity(Room 44Y)
Monday - 16:30 = Asian American Youth in Film(Room 47D)
Monday - 17:30 = Asian American Youth in Film(Room 47D)
Monday - 18:30 = Asian American Youth in Film(Room 47D)
Tuesday - 7:30 = U.S. Race and Empire(Room 22H)
Tuesday - 9:00 = U.S. Race and Empire(Room 22H)
Tuesday - 10:30 = Constructing Race in America(Room 4B)
Tuesday - 12:00 = Constructing Race in America(Room 4B)
Tuesday - 13:30 = Intro Asian American Studies(Room 16M)
Tuesday - 15:00 = Intro Asian American Studies(Room 16M)
Tuesday - 16:30 = US Racial & Ethnic Politics(Room 36W)
Tuesday - 18:00 = US Racial & Ethnic Politics(Room 36W)
Wednesday - 7:30 = Adv Asian Am Undergrad Reading(Room 38V)
Wednesday - 9:00 = Adv Asian Am Undergrad Reading(Room 38V)
Wednesday - 10:30 = Asian American History(Room 5N)
Wednesday - 11:30 = Asian American History(Room 5N)
Wednesday - 12:30 = Asian American History(Room 5N)
Wednesday - 13:30 = The Politics of Fashion(Room 32O)
Wednesday - 14:30 = The Politics of Fashion(Room 32O)
Wednesday - 15:30 = The Politics of Fashion(Room 32O)
Wednesday - 16:30 = Immigration, Law, and Rights(Room 29K)
Wednesday - 17:30 = Immigration, Law, and Rights(Room 29K)
Wednesday - 18:30 = Immigration, Law, and Rights(Room 29K)
Thursday - 7:30 = Intro to Asian Am Pop Culture(Room 47D)
Thursday - 9:00 = Intro to Asian Am Pop Culture(Room 47D)
Thursday - 10:30 = -(-)
Thursday - 12:00 = -(-)
Thursday - 13:30 = -(-)
Thursday - 14:30 = -(-)
Thursday - 15:30 = -(-)
Thursday - 16:30 = -(-)
Thursday - 17:30 = -(-)
Thursday - 18:30 = -(-)
Friday - 7:30 = -(-)
Friday - 9:00 = -(-)
Friday - 10:30 = -(-)
Friday - 11:30 = -(-)
Friday - 12:30 = -(-)
Friday - 13:30 = -(-)
Friday - 14:30 = -(-)
Friday - 15:30 = -(-)
Friday - 16:30 = -(-)
Friday - 17:30 = -(-)
Friday - 18:30 = -(-)
--Group 2:
Monday - 7:30 = Applied Statistical Methods I(Room 32O)
Monday - 9:00 = Applied Statistical Methods I(Room 32O)
Monday - 10:30 = Asian American Education(Room 2X)
Monday - 12:00 = Asian American Education(Room 2X)
Monday - 13:30 = ABE Principles: Machine Syst(Room 38V)
Monday - 15:00 = ABE Principles: Machine Syst(Room 38V)
Monday - 16:30 = Statistical Methods(Room 17G)
Monday - 17:30 = Statistical Methods(Room 17G)
Monday - 18:30 = Statistical Methods(Room 17G)
Tuesday - 7:30 = Undergraduate Open Seminar(Room 24E)
Tuesday - 9:00 = Undergraduate Open Seminar(Room 24E)
Tuesday - 10:30 = Transport Processes in ABE(Room 2X)
Tuesday - 12:00 = Transport Processes in ABE(Room 2X)
Tuesday - 13:30 = Project Management(Room 45L)
Tuesday - 15:00 = Project Management(Room 45L)
Tuesday - 16:30 = Independent Study(Room 31E)
Tuesday - 18:00 = Independent Study(Room 31E)
Wednesday - 7:30 = Renewable Energy Systems(Room 22H)
Wednesday - 9:00 = Renewable Energy Systems(Room 22H)
Wednesday - 10:30 = Principles of Mobile Robotics(Room 6L)
Wednesday - 11:30 = Principles of Mobile Robotics(Room 6L)
Wednesday - 12:30 = Principles of Mobile Robotics(Room 6L)
Wednesday - 13:30 = Intro Agric & Biological Engrg(Room 21C)
Wednesday - 14:30 = Intro Agric & Biological Engrg(Room 21C)
Wednesday - 15:30 = Intro Agric & Biological Engrg(Room 21C)
Wednesday - 16:30 = Off-Road Machine Design(Room 37M)
Wednesday - 17:30 = Off-Road Machine Design(Room 37M)
Wednesday - 18:30 = Off-Road Machine Design(Room 37M)
Thursday - 7:30 = ABE Principles: Soil & Water(Room 25Z)
Thursday - 9:00 = ABE Principles: Soil & Water(Room 25Z)
Thursday - 10:30 = -(-)
Thursday - 12:00 = -(-)
Thursday - 13:30 = -(-)
Thursday - 14:30 = -(-)
Thursday - 15:30 = -(-)
Thursday - 16:30 = -(-)
Thursday - 17:30 = -(-)
Thursday - 18:30 = -(-)
Friday - 7:30 = -(-)
Friday - 9:00 = -(-)
Friday - 10:30 = -(-)
Friday - 11:30 = -(-)
Friday - 12:30 = -(-)
Friday - 13:30 = -(-)
Friday - 14:30 = -(-)
Friday - 15:30 = -(-)
Friday - 16:30 = -(-)
Friday - 17:30 = -(-)
Friday - 18:30 = -(-)
--Group 3:
Monday - 7:30 = Graduate Research I(Room 30X)
Monday - 9:00 = Graduate Research I(Room 30X)
Monday - 10:30 = Bioprocessing Biomass for Fuel(Room 27S)
Monday - 12:00 = Bioprocessing Biomass for Fuel(Room 27S)
Monday - 13:30 = Prof Internship in Accountancy(Room 10S)
Monday - 15:00 = Prof Internship in Accountancy(Room 10S)
Monday - 16:30 = Engineering Off-Road Vehicles(Room 24E)
Monday - 17:30 = Engineering Off-Road Vehicles(Room 24E)
Monday - 18:30 = Engineering Off-Road Vehicles(Room 24E)
Tuesday - 7:30 = Special Topics(Room 5N)
Tuesday - 9:00 = Special Topics(Room 5N)
Tuesday - 10:30 = Indoor Air Quality Engineering(Room 17G)
Tuesday - 12:00 = Indoor Air Quality Engineering(Room 17G)
Tuesday - 13:30 = Thesis Research(Room 11I)
Tuesday - 15:00 = Thesis Research(Room 11I)
Tuesday - 16:30 = Drainage and Water Management(Room 2X)
Tuesday - 18:00 = Drainage and Water Management(Room 2X)
Wednesday - 7:30 = Atg Measurement & Disclosure(Room 42C)
Wednesday - 9:00 = Atg Measurement & Disclosure(Room 42C)
Wednesday - 10:30 = Accounting and Accountancy II(Room 21C)
Wednesday - 11:30 = Accounting and Accountancy II(Room 21C)
Wednesday - 12:30 = Accounting and Accountancy II(Room 21C)
Wednesday - 13:30 = Graduate Seminar(Room 1C)
Wednesday - 14:30 = Graduate Seminar(Room 1C)
Wednesday - 15:30 = Graduate Seminar(Room 1C)
Wednesday - 16:30 = Fundamentals of Accounting(Room 5N)
Wednesday - 17:30 = Fundamentals of Accounting(Room 5N)
Wednesday - 18:30 = Fundamentals of Accounting(Room 5N)
Thursday - 7:30 = Accounting and Accountancy I(Room 16M)
Thursday - 9:00 = Accounting and Accountancy I(Room 16M)
Thursday - 10:30 = -(-)
Thursday - 12:00 = -(-)
Thursday - 13:30 = -(-)
Thursday - 14:30 = -(-)
Thursday - 15:30 = -(-)
Thursday - 16:30 = -(-)
Thursday - 17:30 = -(-)
Thursday - 18:30 = -(-)
Friday - 7:30 = -(-)
Friday - 9:00 = -(-)
Friday - 10:30 = -(-)
Friday - 11:30 = -(-)
Friday - 12:30 = -(-)
Friday - 13:30 = -(-)
Friday - 14:30 = -(-)
Friday - 15:30 = -(-)
Friday - 16:30 = -(-)
Friday - 17:30 = -(-)
Friday - 18:30 = -(-)
--Group 4:
Monday - 7:30 = Accounting Control Systems(Room 25Z)
Monday - 9:00 = Accounting Control Systems(Room 25Z)
Monday - 10:30 = Accounting Institutions and Regulation(Room 11I)
Monday - 12:00 = Accounting Institutions and Regulation(Room 11I)
Monday - 13:30 = Advanced Financial Reporting(Room 32O)
Monday - 15:00 = Advanced Financial Reporting(Room 32O)
Monday - 16:30 = Accounting Measurement, Reporting, and Control(Room 38V)
Monday - 17:30 = Practical Problems in Atg(Room 8B)
Monday - 18:30 = Practical Problems in Atg(Room 8B)
Tuesday - 7:30 = Assurance and Attestation(Room 46Q)
Tuesday - 9:00 = Assurance and Attestation(Room 46Q)
Tuesday - 10:30 = Advanced Income Tax Problems(Room 45L)
Tuesday - 12:00 = Advanced Income Tax Problems(Room 45L)
Tuesday - 13:30 = Principles of Public Policy(Room 1C)
Tuesday - 15:00 = Principles of Public Policy(Room 1C)
Tuesday - 16:30 = Auditing Stds and Practice(Room 3N)
Tuesday - 18:00 = Auditing Stds and Practice(Room 3N)
Wednesday - 7:30 = Principles of Taxation(Room 35L)
Wednesday - 9:00 = Principles of Taxation(Room 35L)
Wednesday - 10:30 = Practical Problems in Atg(Room 14K)
Wednesday - 11:30 = Accounting Analysis I(Room 15R)
Wednesday - 12:30 = Decision Making for Atg(Room 34R)
Wednesday - 13:30 = Decision Making for Atg(Room 34R)
Wednesday - 14:30 = Decision Making for Atg(Room 34R)
Wednesday - 15:30 = -(-)
Wednesday - 16:30 = -(-)
Wednesday - 17:30 = -(-)
Wednesday - 18:30 = -(-)
Thursday - 7:30 = Senior Research(Room 8B)
Thursday - 9:00 = Senior Research(Room 8B)
Thursday - 10:30 = -(-)
Thursday - 12:00 = -(-)
Thursday - 13:30 = -(-)
Thursday - 14:30 = -(-)
Thursday - 15:30 = -(-)
Thursday - 16:30 = -(-)
Thursday - 17:30 = -(-)
Thursday - 18:30 = -(-)
Friday - 7:30 = -(-)
Friday - 9:00 = -(-)
Friday - 10:30 = -(-)
Friday - 11:30 = -(-)
Friday - 12:30 = -(-)
Friday - 13:30 = -(-)
Friday - 14:30 = -(-)
Friday - 15:30 = -(-)
Friday - 16:30 = -(-)
Friday - 17:30 = -(-)
Friday - 18:30 = -(-)
--Group 5:
Monday - 7:30 = Tax Research(Room 38V)
Monday - 9:00 = Tax Research(Room 38V)
Monday - 10:30 = Data Driven Decisions in Accounting(Room 16M)
Monday - 12:00 = Data Driven Decisions in Accounting(Room 16M)
Monday - 13:30 = Corporate Income Taxation(Room 13R)
Monday - 15:00 = Corporate Income Taxation(Room 13R)
Monday - 16:30 = Federal Taxation(Room 41A)
Monday - 17:30 = Financial Statement Analysis(Room 40P)
Monday - 18:30 = Data Analytics for Management Accounting(Room 4B)
Tuesday - 7:30 = Data Analytics Foundations for Accountancy(Room 35L)
Tuesday - 9:00 = Data Analytics Foundations for Accountancy(Room 35L)
Tuesday - 10:30 = Financial Statement Fraud(Room 36W)
Tuesday - 12:00 = Financial Statement Fraud(Room 36W)
Tuesday - 13:30 = -(-)
Tuesday - 15:00 = -(-)
Tuesday - 16:30 = -(-)
Tuesday - 18:00 = -(-)
Wednesday - 7:30 = -(-)
Wednesday - 9:00 = -(-)
Wednesday - 10:30 = Auditing(Room 51D)
Wednesday - 11:30 = Auditing & Assurance Standards(Room 54L)
Wednesday - 12:30 = Financial Reporting Standards(Room 23S)
Wednesday - 13:30 = Advanced Topics in Accounting(Room 7G)
Wednesday - 14:30 = Accounting Analysis II(Room 29K)
Wednesday - 15:30 = -(-)
Wednesday - 16:30 = -(-)
Wednesday - 17:30 = -(-)
Wednesday - 18:30 = -(-)
Thursday - 7:30 = -(-)
Thursday - 9:00 = -(-)
Thursday - 10:30 = -(-)
Thursday - 12:00 = -(-)
Thursday - 13:30 = -(-)
Thursday - 14:30 = -(-)
Thursday - 15:30 = -(-)
Thursday - 16:30 = -(-)
Thursday - 17:30 = -(-)
Thursday - 18:30 = -(-)
Friday - 7:30 = -(-)
Friday - 9:00 = -(-)
Friday - 10:30 = -(-)
Friday - 11:30 = -(-)
Friday - 12:30 = -(-)
Friday - 13:30 = -(-)
Friday - 14:30 = -(-)
Friday - 15:30 = -(-)
Friday - 16:30 = -(-)
Friday - 17:30 = -(-)
Friday - 18:30 = -(-)
--Group 6:
Monday - 7:30 = Introduction to Accounting Research(Room 13R)
Monday - 9:00 = Introduction to Accounting Research(Room 13R)
Monday - 10:30 = The World Food Economy(Room 5N)
Monday - 12:00 = The World Food Economy(Room 5N)
Monday - 13:30 = Agr Cons and Resource Econ(Room 33B)
Monday - 15:00 = Agr Cons and Resource Econ(Room 33B)
Monday - 16:30 = Off-Campus Internship(Room 52M)
Monday - 17:30 = Off-Campus Internship(Room 52M)
Monday - 18:30 = Off-Campus Internship(Room 52M)
Tuesday - 7:30 = Environmental Economics(Room 25Z)
Tuesday - 9:00 = Environmental Economics(Room 25Z)
Tuesday - 10:30 = Special Research Problems(Room 15R)
Tuesday - 12:00 = Special Research Problems(Room 15R)
Tuesday - 13:30 = Applied Statistical Methods(Room 19S)
Tuesday - 15:00 = Applied Statistical Methods(Room 19S)
Tuesday - 16:30 = Agricultural Marketing(Room 24E)
Tuesday - 18:00 = Agricultural Marketing(Room 24E)
Wednesday - 7:30 = Personal Financial Planning(Room 12Q)
Wednesday - 9:00 = Personal Financial Planning(Room 12Q)
Wednesday - 10:30 = On-Campus Internship(Room 24E)
Wednesday - 11:30 = On-Campus Internship(Room 24E)
Wednesday - 12:30 = On-Campus Internship(Room 24E)
Wednesday - 13:30 = Issues&Careers in Applied Econ(Room 27S)
Wednesday - 14:30 = Issues&Careers in Applied Econ(Room 27S)
Wednesday - 15:30 = Issues&Careers in Applied Econ(Room 27S)
Wednesday - 16:30 = Food Law(Room 33B)
Wednesday - 17:30 = Food Law(Room 33B)
Wednesday - 18:30 = Food Law(Room 33B)
Thursday - 7:30 = Microcomputer Applications(Room 45L)
Thursday - 9:00 = Microcomputer Applications(Room 45L)
Thursday - 10:30 = -(-)
Thursday - 12:00 = -(-)
Thursday - 13:30 = -(-)
Thursday - 14:30 = -(-)
Thursday - 15:30 = -(-)
Thursday - 16:30 = -(-)
Thursday - 17:30 = -(-)
Thursday - 18:30 = -(-)
Friday - 7:30 = -(-)
Friday - 9:00 = -(-)
Friday - 10:30 = -(-)
Friday - 11:30 = -(-)
Friday - 12:30 = -(-)
Friday - 13:30 = -(-)
Friday - 14:30 = -(-)
Friday - 15:30 = -(-)
Friday - 16:30 = -(-)
Friday - 17:30 = -(-)
Friday - 18:30 = -(-)
--Group 7:
Monday - 7:30 = Tax Policy and Finan Planning(Room 52M)
Monday - 9:00 = Tax Policy and Finan Planning(Room 52M)
Monday - 10:30 = Finan Serv & Invest Plan(Room 28B)
Monday - 12:00 = Finan Serv & Invest Plan(Room 28B)
Monday - 13:30 = Spreadsheet Models & Applic(Room 24E)
Monday - 15:00 = Spreadsheet Models & Applic(Room 24E)
Monday - 16:30 = Farm Management(Room 11I)
Monday - 17:30 = Farm Management(Room 11I)
Monday - 18:30 = Farm Management(Room 11I)
Tuesday - 7:30 = Seminar(Room 47D)
Tuesday - 9:00 = Seminar(Room 47D)
Tuesday - 10:30 = Commodity Price Analysis(Room 35L)
Tuesday - 12:00 = Commodity Price Analysis(Room 35L)
Tuesday - 13:30 = Honors Research or Thesis(Room 13R)
Tuesday - 15:00 = Honors Research or Thesis(Room 13R)
Tuesday - 16:30 = Environment and Development(Room 41A)
Tuesday - 18:00 = Environment and Development(Room 41A)
Wednesday - 7:30 = Environmental Law(Room 15R)
Wednesday - 9:00 = Environmental Law(Room 15R)
Wednesday - 10:30 = Commodity Futures and Options(Room 35L)
Wednesday - 11:30 = Commodity Futures and Options(Room 35L)
Wednesday - 12:30 = Commodity Futures and Options(Room 35L)
Wednesday - 13:30 = Intermediate Personal Fin Plan(Room 17G)
Wednesday - 14:30 = Global Agribusiness Management(Room 41A)
Wednesday - 15:30 = Global Agribusiness Management(Room 41A)
Wednesday - 16:30 = Global Agribusiness Management(Room 41A)
Wednesday - 17:30 = -(-)
Wednesday - 18:30 = -(-)
Thursday - 7:30 = Finan Decision Indiv Sm Bus(Room 36W)
Thursday - 9:00 = Finan Decision Indiv Sm Bus(Room 36W)
Thursday - 10:30 = -(-)
Thursday - 12:00 = -(-)
Thursday - 13:30 = -(-)
Thursday - 14:30 = -(-)
Thursday - 15:30 = -(-)
Thursday - 16:30 = -(-)
Thursday - 17:30 = -(-)
Thursday - 18:30 = -(-)
Friday - 7:30 = -(-)
Friday - 9:00 = -(-)
Friday - 10:30 = -(-)
Friday - 11:30 = -(-)
Friday - 12:30 = -(-)
Friday - 13:30 = -(-)
Friday - 14:30 = -(-)
Friday - 15:30 = -(-)
Friday - 16:30 = -(-)
Friday - 17:30 = -(-)
Friday - 18:30 = -(-)
--Group 8:
Monday - 7:30 = Career Development for PhDs(Room 34R)
Monday - 9:00 = Career Development for PhDs(Room 34R)
Monday - 10:30 = Seminars and Workshops(Room 42C)
Monday - 12:00 = Seminars and Workshops(Room 42C)
Monday - 13:30 = Household Economics(Room 27S)
Monday - 15:00 = Household Economics(Room 27S)
Monday - 16:30 = Time Series Econometrics for Price Analysis(Room 36W)
Monday - 17:30 = Practicum(Room 2X)
Monday - 18:30 = Applied Regression Models II(Room 10S)
Tuesday - 7:30 = Contemporary Issues in ACES(Room 21C)
Tuesday - 9:00 = Contemporary Issues in ACES(Room 21C)
Tuesday - 10:30 = -(-)
Tuesday - 12:00 = -(-)
Tuesday - 13:30 = -(-)
Tuesday - 15:00 = -(-)
Tuesday - 16:30 = -(-)
Tuesday - 18:00 = -(-)
Wednesday - 7:30 = -(-)
Wednesday - 9:00 = -(-)
Wednesday - 10:30 = Risk and Info: Theory and App(Room 16M)
Wednesday - 11:30 = The Latin American Economies(Room 10S)
Wednesday - 12:30 = Impact Evaluation(Room 27S)
Wednesday - 13:30 = Applied Economic Theory(Room 43F)
Wednesday - 14:30 = Applied Regression Models I(Room 10S)
Wednesday - 15:30 = Intl Trade in Food and Agr(Room 50O)
Wednesday - 16:30 = -(-)
Wednesday - 17:30 = -(-)
Wednesday - 18:30 = -(-)
Thursday - 7:30 = -(-)
Thursday - 9:00 = -(-)
Thursday - 10:30 = -(-)
Thursday - 12:00 = -(-)
Thursday - 13:30 = -(-)
Thursday - 14:30 = -(-)
Thursday - 15:30 = -(-)
Thursday - 16:30 = -(-)
Thursday - 17:30 = -(-)
Thursday - 18:30 = -(-)
Friday - 7:30 = -(-)
Friday - 9:00 = -(-)
Friday - 10:30 = -(-)
Friday - 11:30 = -(-)
Friday - 12:30 = -(-)
Friday - 13:30 = -(-)
Friday - 14:30 = -(-)
Friday - 15:30 = -(-)
Friday - 16:30 = -(-)
Friday - 17:30 = -(-)
Friday - 18:30 = -(-)
