--------CONFIGURATION---------
Number of Particles       : 30
PSO Running Mode          : limitFV
Maximum Iteration         : 1
Target FV                 : 100
Global Best Position      : 27
Global Best Penalty Score : 534.4494897427832
Global Best Fitness Value : 0.0018710842075670693
Particle 0: [0.0, 0.0],[0.0, 0.0],[48.0, 2.0],[48.0, 2.0],[7.0, 1.0],[7.0, 1.0],[0.0, 0.0],[0.0, 0.0],[10.0, 12.0],[34.0, 7.0],[34.0, 7.0],[0.0, 0.0],[21.0, 3.0],[21.0, 3.0],[0.0, 0.0],[14.0, 5.0],[14.0, 5.0],[40.0, 6.0],[40.0, 6.0],[0.0, 0.0],[0.0, 0.0],[35.0, 8.0],[0.0, 0.0],[0.0, 0.0],[1.0, 10.0],[1.0, 10.0],[1.0, 10.0],[17.0, 9.0],[0.47, 11.0],[0.47, 11.0],[0.0, 0.0],[0.0, 0.0],[0.0, 0.0],[0.0, 0.0],[3.0, 9.0],[3.0, 9.0],[0.0, 0.0],[0.0, 0.0],[8.0, 4.0],[8.0, 4.0],[0.0, 0.0],[50.0, 12.0],[50.0, 12.0],[0.0, 0.0],[0.0, 0.0],[0.0, 0.0],[0.0, 0.0],[19.0, 8.0],[19.0, 8.0],| FV: 0.0013513513513513514
Particle 1: [0.0, 0.0],[0.0, 0.0],[31.0, 2.0],[31.0, 2.0],[6.0, 1.0],[6.0, 1.0],[0.0, 0.0],[0.0, 0.0],[43.0, 8.0],[16.0, 7.0],[16.0, 7.0],[0.0, 0.0],[0.0, 0.0],[0.0, 0.0],[23.0, 12.0],[23.0, 12.0],[0.0, 0.0],[14.0, 6.0],[14.0, 6.0],[0.0, 0.0],[0.0, 0.0],[0.0, 0.0],[0.0, 0.0],[22.0, 3.0],[22.0, 3.0],[23.0, 9.0],[49.0, 3.0],[32.0, 5.0],[18.0, 11.0],[18.0, 11.0],[35.0, 10.0],[35.0, 10.0],[0.0, 0.0],[0.0, 0.0],[0.0, 0.0],[0.0, 0.0],[41.0, 9.0],[41.0, 9.0],[2.0, 4.0],[2.0, 4.0],[0.0, 0.0],[44.0, 5.0],[44.0, 5.0],[0.0, 0.0],[0.0, 0.0],[0.0, 0.0],[0.0, 0.0],[43.0, 8.0],[43.0, 8.0],| FV: 0.0011941521696246168
Particle 2: [26.0, 2.0],[26.0, 2.0],[6.0, 9.0],[6.0, 9.0],[0.0, 0.0],[0.0, 0.0],[0.0, 0.0],[0.0, 0.0],[35.0, 3.0],[53.0, 7.0],[53.0, 7.0],[0.0, 0.0],[0.0, 0.0],[9.0, 12.0],[9.0, 12.0],[28.0, 5.0],[28.0, 5.0],[42.0, 6.0],[42.0, 6.0],[0.0, 0.0],[0.0, 0.0],[20.0, 10.0],[20.0, 10.0],[26.0, 3.0],[26.0, 3.0],[16.0, 8.0],[52.0, 10.0],[29.0, 0.47],[20.0, 11.0],[20.0, 11.0],[19.0, 4.0],[19.0, 4.0],[0.0, 0.0],[0.0, 0.0],[0.0, 0.0],[0.0, 0.0],[0.0, 0.0],[0.0, 0.0],[2.0, 1.0],[2.0, 1.0],[0.0, 0.0],[0.0, 0.0],[0.0, 0.0],[0.0, 0.0],[0.0, 0.0],[0.0, 0.0],[0.0, 0.0],[29.0, 8.0],[29.0, 8.0],| FV: 0.0015582827735369916
Particle 3: [0.0, 0.0],[1.0, 8.0],[1.0, 8.0],[0.0, 0.0],[4.0, 1.0],[4.0, 1.0],[0.0, 0.0],[0.0, 0.0],[16.0, 12.0],[48.0, 7.0],[48.0, 7.0],[0.0, 0.0],[0.0, 0.0],[43.0, 2.0],[43.0, 2.0],[37.0, 5.0],[37.0, 5.0],[48.0, 3.0],[48.0, 3.0],[0.0, 0.0],[36.0, 6.0],[36.0, 6.0],[0.0, 0.0],[0.0, 0.0],[0.0, 0.0],[0.0, 0.0],[33.0, 9.0],[32.0, 6.0],[17.0, 11.0],[17.0, 11.0],[43.0, 10.0],[43.0, 10.0],[0.0, 0.0],[0.0, 0.0],[0.0, 0.0],[0.0, 0.0],[32.0, 12.0],[32.0, 12.0],[0.47, 4.0],[0.47, 4.0],[0.0, 0.0],[0.0, 0.0],[0.0, 0.0],[0.0, 0.0],[0.0, 0.0],[0.0, 0.0],[0.0, 0.0],[28.0, 9.0],[28.0, 9.0],| FV: 0.0011998835437729903
Particle 4: [0.0, 0.0],[0.0, 0.0],[4.0, 8.0],[4.0, 8.0],[0.0, 0.0],[0.0, 0.0],[14.0, 2.0],[14.0, 2.0],[12.0, 1.0],[19.0, 7.0],[19.0, 7.0],[0.0, 0.0],[0.0, 0.0],[18.0, 12.0],[18.0, 12.0],[1.0, 5.0],[1.0, 5.0],[4.0, 6.0],[4.0, 6.0],[6.0, 10.0],[6.0, 10.0],[0.0, 0.0],[0.0, 0.0],[0.0, 0.0],[0.0, 0.0],[6.0, 2.0],[30.0, 9.0],[14.0, 10.0],[36.0, 11.0],[36.0, 11.0],[46.0, 3.0],[46.0, 3.0],[0.0, 0.0],[0.0, 0.0],[46.0, 1.0],[46.0, 1.0],[0.0, 0.0],[0.0, 0.0],[0.47, 4.0],[0.47, 4.0],[0.0, 0.0],[0.0, 0.0],[0.0, 0.0],[0.0, 0.0],[0.0, 0.0],[0.0, 0.0],[13.0, 9.0],[13.0, 9.0],[0.0, 0.0],| FV: 0.001349527665317139
Particle 5: [0.0, 0.0],[0.0, 0.0],[1.0, 9.0],[1.0, 9.0],[35.0, 1.0],[35.0, 1.0],[3.0, 2.0],[3.0, 2.0],[0.47, 10.0],[0.0, 0.0],[0.0, 0.0],[1.0, 8.0],[1.0, 8.0],[31.0, 12.0],[31.0, 12.0],[32.0, 5.0],[32.0, 5.0],[5.0, 6.0],[5.0, 6.0],[0.0, 0.0],[0.0, 0.0],[0.0, 0.0],[0.0, 0.0],[33.0, 3.0],[33.0, 3.0],[10.0, 2.0],[17.0, 3.0],[42.0, 7.0],[17.0, 11.0],[17.0, 11.0],[0.0, 0.0],[0.0, 0.0],[0.0, 0.0],[0.0, 0.0],[0.0, 0.0],[0.0, 0.0],[0.0, 0.0],[0.0, 0.0],[45.0, 4.0],[45.0, 4.0],[0.0, 0.0],[0.0, 0.0],[0.0, 0.0],[0.0, 0.0],[21.0, 10.0],[21.0, 10.0],[0.0, 0.0],[35.0, 7.0],[35.0, 7.0],| FV: 0.0011849412899608079
Particle 6: [0.0, 0.0],[0.0, 0.0],[34.0, 9.0],[34.0, 9.0],[11.0, 5.0],[11.0, 5.0],[0.0, 0.0],[0.0, 0.0],[31.0, 11.0],[0.0, 0.0],[0.0, 0.0],[46.0, 2.0],[46.0, 2.0],[19.0, 4.0],[19.0, 4.0],[26.0, 10.0],[26.0, 10.0],[24.0, 6.0],[24.0, 6.0],[0.0, 0.0],[0.0, 0.0],[19.0, 7.0],[19.0, 7.0],[7.0, 11.0],[7.0, 11.0],[17.0, 1.0],[45.0, 12.0],[25.0, 7.0],[32.0, 0.47],[32.0, 0.47],[6.0, 3.0],[6.0, 3.0],[0.0, 0.0],[0.0, 0.0],[0.0, 0.0],[0.0, 0.0],[42.0, 1.0],[42.0, 1.0],[39.0, 8.0],[39.0, 8.0],[0.0, 0.0],[0.0, 0.0],[0.0, 0.0],[0.0, 0.0],[0.0, 0.0],[0.0, 0.0],[0.0, 0.0],[11.0, 12.0],[11.0, 12.0],| FV: 9.583370826665022E-4
Particle 7: [0.0, 0.0],[0.0, 0.0],[0.0, 0.0],[0.0, 0.0],[25.0, 1.0],[25.0, 1.0],[5.0, 6.0],[5.0, 6.0],[5.0, 6.0],[45.0, 2.0],[45.0, 2.0],[29.0, 8.0],[29.0, 8.0],[32.0, 12.0],[32.0, 12.0],[29.0, 5.0],[29.0, 5.0],[0.0, 0.0],[0.0, 0.0],[19.0, 9.0],[19.0, 9.0],[0.0, 0.0],[0.0, 0.0],[0.0, 0.0],[0.0, 0.0],[2.0, 11.0],[36.0, 7.0],[5.0, 9.0],[11.0, 3.0],[11.0, 3.0],[40.0, 10.0],[40.0, 10.0],[0.0, 0.0],[0.0, 0.0],[0.0, 0.0],[0.0, 0.0],[0.0, 0.0],[0.0, 0.0],[20.0, 4.0],[20.0, 4.0],[0.0, 0.0],[0.0, 0.0],[0.0, 0.0],[0.0, 0.0],[0.0, 0.0],[4.0, 11.0],[4.0, 11.0],[52.0, 7.0],[52.0, 7.0],| FV: 0.0011901417210130741
Particle 8: [0.0, 0.0],[0.0, 0.0],[0.0, 0.0],[0.0, 0.0],[52.0, 3.0],[52.0, 3.0],[27.0, 2.0],[27.0, 2.0],[53.0, 8.0],[4.0, 7.0],[4.0, 7.0],[2.0, 6.0],[2.0, 6.0],[6.0, 10.0],[6.0, 10.0],[51.0, 9.0],[51.0, 9.0],[32.0, 1.0],[32.0, 1.0],[0.0, 0.0],[0.0, 0.0],[0.0, 0.0],[0.0, 0.0],[0.0, 0.0],[41.0, 12.0],[41.0, 12.0],[9.0, 2.0],[47.0, 12.0],[18.0, 5.0],[18.0, 5.0],[34.0, 11.0],[34.0, 11.0],[0.0, 0.0],[0.0, 0.0],[0.0, 0.0],[0.0, 0.0],[0.0, 0.0],[0.0, 0.0],[46.0, 4.0],[46.0, 4.0],[0.0, 0.0],[0.0, 0.0],[0.0, 0.0],[0.0, 0.0],[0.0, 0.0],[0.0, 0.0],[0.0, 0.0],[38.0, 8.0],[38.0, 8.0],| FV: 0.0015625
Particle 9: [0.0, 0.0],[0.0, 0.0],[0.0, 0.0],[0.0, 0.0],[33.0, 6.0],[33.0, 6.0],[0.0, 0.0],[0.0, 0.0],[7.0, 9.0],[37.0, 7.0],[37.0, 7.0],[53.0, 5.0],[53.0, 5.0],[49.0, 3.0],[49.0, 3.0],[51.0, 12.0],[51.0, 12.0],[41.0, 0.47],[41.0, 0.47],[0.0, 0.0],[0.0, 0.0],[0.0, 0.0],[0.0, 0.0],[0.0, 0.0],[0.0, 0.0],[36.0, 10.0],[52.0, 11.0],[52.0, 1.0],[21.0, 8.0],[21.0, 8.0],[51.0, 2.0],[51.0, 2.0],[20.0, 11.0],[20.0, 11.0],[0.0, 0.0],[0.0, 0.0],[0.0, 0.0],[0.0, 0.0],[24.0, 4.0],[24.0, 4.0],[9.0, 10.0],[9.0, 10.0],[0.0, 0.0],[0.0, 0.0],[21.0, 1.0],[21.0, 1.0],[0.0, 0.0],[42.0, 9.0],[42.0, 9.0],| FV: 0.0010626992561105207
Particle 10: [0.0, 0.0],[24.0, 8.0],[24.0, 8.0],[23.0, 9.0],[23.0, 9.0],[0.0, 0.0],[21.0, 2.0],[21.0, 2.0],[36.0, 1.0],[8.0, 7.0],[8.0, 7.0],[0.0, 0.0],[0.0, 0.0],[51.0, 3.0],[51.0, 3.0],[14.0, 5.0],[14.0, 5.0],[24.0, 6.0],[24.0, 6.0],[0.0, 0.0],[0.0, 0.0],[0.0, 0.0],[0.0, 0.0],[0.0, 0.0],[0.0, 0.0],[18.0, 12.0],[9.0, 10.0],[46.0, 2.0],[24.0, 11.0],[24.0, 11.0],[0.0, 0.0],[0.0, 0.0],[0.0, 0.0],[0.0, 0.0],[0.0, 0.0],[0.0, 0.0],[6.0, 10.0],[6.0, 10.0],[7.0, 4.0],[7.0, 4.0],[0.0, 0.0],[22.0, 1.0],[22.0, 1.0],[0.0, 0.0],[0.0, 0.0],[45.0, 12.0],[45.0, 12.0],[0.0, 0.0],[0.0, 0.0],| FV: 0.0015582827735369916
Particle 11: [0.0, 0.0],[0.0, 0.0],[0.0, 0.0],[0.0, 0.0],[44.0, 1.0],[44.0, 1.0],[0.0, 0.0],[0.0, 0.0],[43.0, 5.0],[27.0, 7.0],[27.0, 7.0],[42.0, 2.0],[42.0, 2.0],[30.0, 12.0],[30.0, 12.0],[0.0, 0.0],[0.0, 0.0],[49.0, 6.0],[49.0, 6.0],[9.0, 11.0],[9.0, 11.0],[0.0, 0.0],[0.0, 0.0],[42.0, 3.0],[42.0, 3.0],[42.0, 3.0],[2.0, 11.0],[21.0, 9.0],[21.0, 8.0],[21.0, 8.0],[51.0, 10.0],[51.0, 10.0],[0.0, 0.0],[0.0, 0.0],[3.0, 5.0],[3.0, 5.0],[25.0, 9.0],[25.0, 9.0],[5.0, 4.0],[5.0, 4.0],[0.0, 0.0],[0.0, 0.0],[0.0, 0.0],[0.0, 0.0],[0.0, 0.0],[0.0, 0.0],[0.0, 0.0],[0.0, 0.0],[0.0, 0.0],| FV: 0.0015625
Particle 12: [0.0, 0.0],[0.0, 0.0],[47.0, 9.0],[47.0, 9.0],[0.0, 0.0],[0.0, 0.0],[0.0, 0.0],[0.0, 0.0],[27.0, 6.0],[53.0, 11.0],[53.0, 11.0],[35.0, 4.0],[35.0, 4.0],[40.0, 7.0],[40.0, 7.0],[40.0, 8.0],[40.0, 8.0],[36.0, 3.0],[36.0, 3.0],[0.0, 0.0],[0.0, 0.0],[0.0, 0.0],[47.0, 5.0],[47.0, 5.0],[0.0, 0.0],[31.0, 5.0],[33.0, 1.0],[42.0, 0.47],[23.0, 10.0],[23.0, 10.0],[28.0, 12.0],[28.0, 12.0],[0.0, 0.0],[0.0, 0.0],[0.0, 0.0],[0.0, 0.0],[0.0, 0.0],[0.0, 0.0],[49.0, 2.0],[49.0, 2.0],[45.0, 1.0],[45.0, 1.0],[0.0, 0.0],[33.0, 6.0],[33.0, 6.0],[0.0, 0.0],[0.0, 0.0],[0.0, 0.0],[0.0, 0.0],| FV: 0.0011873155734132188
Particle 13: [0.0, 0.0],[0.0, 0.0],[2.0, 9.0],[2.0, 9.0],[28.0, 1.0],[28.0, 1.0],[0.0, 0.0],[0.0, 0.0],[3.0, 8.0],[0.0, 0.0],[52.0, 2.0],[52.0, 2.0],[0.0, 0.0],[0.0, 0.0],[0.0, 0.0],[32.0, 5.0],[32.0, 5.0],[27.0, 6.0],[27.0, 6.0],[0.0, 0.0],[0.0, 0.0],[0.0, 0.0],[0.0, 0.0],[0.0, 0.0],[0.0, 0.0],[11.0, 4.0],[46.0, 12.0],[12.0, 7.0],[40.0, 11.0],[40.0, 11.0],[40.0, 10.0],[40.0, 10.0],[45.0, 7.0],[45.0, 7.0],[42.0, 4.0],[42.0, 4.0],[46.0, 12.0],[46.0, 12.0],[26.0, 3.0],[26.0, 3.0],[0.0, 0.0],[0.0, 0.0],[0.0, 0.0],[0.0, 0.0],[0.0, 0.0],[0.0, 0.0],[0.0, 0.0],[30.0, 8.0],[30.0, 8.0],| FV: 0.0013567417139142978
Particle 14: [0.0, 0.0],[0.0, 0.0],[30.0, 9.0],[30.0, 9.0],[25.0, 1.0],[25.0, 1.0],[12.0, 2.0],[12.0, 2.0],[12.0, 2.0],[45.0, 7.0],[45.0, 7.0],[0.0, 0.0],[0.0, 0.0],[9.0, 12.0],[9.0, 12.0],[0.0, 0.0],[0.0, 0.0],[46.0, 6.0],[46.0, 6.0],[0.0, 0.0],[0.0, 0.0],[0.0, 0.0],[0.0, 0.0],[2.0, 3.0],[2.0, 3.0],[28.0, 5.0],[35.0, 8.0],[27.0, 3.0],[43.0, 11.0],[43.0, 11.0],[7.0, 10.0],[7.0, 10.0],[0.0, 0.0],[36.0, 5.0],[36.0, 5.0],[0.0, 0.0],[0.0, 0.0],[0.0, 0.0],[43.0, 4.0],[43.0, 4.0],[0.0, 0.0],[0.0, 0.0],[0.0, 0.0],[0.0, 0.0],[0.0, 0.0],[0.0, 0.0],[0.0, 0.0],[41.0, 8.0],[41.0, 8.0],| FV: 0.0013546803124532875
Particle 15: [0.0, 0.0],[0.0, 0.0],[0.0, 0.0],[0.0, 0.0],[12.0, 1.0],[12.0, 1.0],[0.0, 0.0],[0.0, 0.0],[8.0, 9.0],[4.0, 7.0],[4.0, 7.0],[39.0, 8.0],[39.0, 8.0],[26.0, 12.0],[26.0, 12.0],[28.0, 5.0],[28.0, 5.0],[53.0, 6.0],[53.0, 6.0],[0.0, 0.0],[0.0, 0.0],[0.0, 0.0],[0.0, 0.0],[48.0, 3.0],[48.0, 3.0],[48.0, 3.0],[0.0, 0.0],[33.0, 10.0],[37.0, 11.0],[37.0, 11.0],[49.0, 2.0],[49.0, 2.0],[0.0, 0.0],[0.0, 0.0],[0.0, 0.0],[0.0, 0.0],[0.47, 10.0],[0.47, 10.0],[34.0, 4.0],[34.0, 4.0],[26.0, 9.0],[26.0, 9.0],[0.0, 0.0],[0.0, 0.0],[0.0, 0.0],[0.0, 0.0],[0.0, 0.0],[0.0, 0.0],[0.0, 0.0],| FV: 0.0015723270440251573
Particle 16: [48.0, 2.0],[48.0, 2.0],[21.0, 10.0],[21.0, 10.0],[46.0, 1.0],[46.0, 1.0],[14.0, 9.0],[14.0, 9.0],[13.0, 7.0],[0.0, 0.0],[42.0, 3.0],[42.0, 3.0],[0.0, 0.0],[0.0, 0.0],[0.0, 0.0],[32.0, 5.0],[32.0, 5.0],[16.0, 8.0],[16.0, 8.0],[2.0, 6.0],[2.0, 6.0],[0.0, 0.0],[0.0, 0.0],[0.0, 0.0],[0.0, 0.0],[6.0, 6.0],[32.0, 12.0],[49.0, 9.0],[0.0, 0.0],[10.0, 11.0],[10.0, 11.0],[0.0, 0.0],[0.0, 0.0],[0.0, 0.0],[0.0, 0.0],[0.0, 0.0],[0.0, 0.0],[0.0, 0.0],[4.0, 4.0],[4.0, 4.0],[0.0, 0.0],[0.0, 0.0],[0.0, 0.0],[30.0, 7.0],[30.0, 7.0],[17.0, 12.0],[17.0, 12.0],[0.0, 0.0],[0.0, 0.0],| FV: 0.0013472802564349568
Particle 17: [0.0, 0.0],[0.0, 0.0],[0.0, 0.0],[51.0, 9.0],[51.0, 9.0],[0.0, 0.0],[0.0, 0.0],[0.0, 0.0],[38.0, 11.0],[30.0, 4.0],[30.0, 4.0],[32.0, 10.0],[32.0, 10.0],[42.0, 8.0],[42.0, 8.0],[32.0, 2.0],[32.0, 2.0],[9.0, 6.0],[9.0, 6.0],[0.0, 0.0],[0.0, 0.0],[0.0, 0.0],[0.0, 0.0],[0.0, 0.0],[13.0, 3.0],[13.0, 3.0],[11.0, 7.0],[1.0, 3.0],[2.0, 1.0],[2.0, 1.0],[30.0, 12.0],[30.0, 12.0],[0.0, 0.0],[0.0, 0.0],[21.0, 7.0],[21.0, 7.0],[0.0, 0.0],[0.0, 0.0],[52.0, 5.0],[52.0, 5.0],[0.0, 0.0],[0.0, 0.0],[0.0, 0.0],[0.0, 0.0],[0.0, 0.0],[0.0, 0.0],[12.0, 11.0],[12.0, 11.0],[0.0, 0.0],| FV: 0.0013519985725970068
Particle 18: [0.0, 0.0],[0.0, 0.0],[0.0, 0.0],[0.0, 0.0],[12.0, 1.0],[12.0, 1.0],[26.0, 2.0],[26.0, 2.0],[8.0, 4.0],[7.0, 7.0],[7.0, 7.0],[52.0, 8.0],[52.0, 8.0],[49.0, 12.0],[49.0, 12.0],[25.0, 3.0],[25.0, 3.0],[41.0, 6.0],[41.0, 6.0],[0.0, 0.0],[0.0, 0.0],[42.0, 9.0],[42.0, 9.0],[0.0, 0.0],[0.0, 0.0],[25.0, 9.0],[22.0, 5.0],[49.0, 2.0],[32.0, 11.0],[32.0, 11.0],[16.0, 10.0],[16.0, 10.0],[0.0, 0.0],[0.0, 0.0],[0.0, 0.0],[0.0, 0.0],[22.0, 4.0],[22.0, 4.0],[0.0, 0.0],[0.0, 0.0],[0.0, 0.0],[0.0, 0.0],[0.0, 0.0],[0.0, 0.0],[0.0, 0.0],[50.0, 5.0],[50.0, 5.0],[0.0, 0.0],[0.0, 0.0],| FV: 0.0011859842179980497
Particle 19: [14.0, 2.0],[14.0, 2.0],[18.0, 9.0],[18.0, 9.0],[51.0, 1.0],[51.0, 1.0],[19.0, 10.0],[19.0, 10.0],[1.0, 11.0],[0.0, 0.0],[0.0, 0.0],[0.0, 0.0],[0.0, 0.0],[22.0, 12.0],[22.0, 12.0],[43.0, 5.0],[43.0, 5.0],[1.0, 6.0],[1.0, 6.0],[34.0, 11.0],[34.0, 11.0],[0.0, 0.0],[0.0, 0.0],[36.0, 3.0],[36.0, 3.0],[33.0, 7.0],[20.0, 10.0],[40.0, 3.0],[6.0, 8.0],[6.0, 8.0],[0.0, 0.0],[0.0, 0.0],[0.0, 0.0],[0.0, 0.0],[0.0, 0.0],[0.0, 0.0],[0.0, 0.0],[0.0, 0.0],[20.0, 4.0],[20.0, 4.0],[40.0, 7.0],[40.0, 7.0],[0.0, 0.0],[0.0, 0.0],[0.0, 0.0],[0.0, 0.0],[0.0, 0.0],[0.0, 0.0],[0.0, 0.0],| FV: 0.0013513513513513514
Particle 20: [0.0, 0.0],[0.0, 0.0],[4.0, 9.0],[4.0, 9.0],[45.0, 2.0],[45.0, 2.0],[18.0, 7.0],[18.0, 7.0],[20.0, 3.0],[0.0, 0.0],[0.0, 0.0],[0.0, 0.0],[0.0, 0.0],[53.0, 12.0],[53.0, 12.0],[32.0, 8.0],[32.0, 8.0],[1.0, 6.0],[1.0, 6.0],[0.0, 0.0],[0.0, 0.0],[0.0, 0.0],[0.0, 0.0],[44.0, 3.0],[44.0, 3.0],[4.0, 5.0],[34.0, 7.0],[11.0, 1.0],[12.0, 11.0],[12.0, 11.0],[18.0, 10.0],[18.0, 10.0],[0.0, 0.0],[0.0, 0.0],[0.0, 0.0],[0.0, 0.0],[0.0, 0.0],[0.0, 0.0],[16.0, 4.0],[16.0, 4.0],[21.0, 1.0],[21.0, 1.0],[0.0, 0.0],[0.0, 0.0],[0.0, 0.0],[0.0, 0.0],[0.0, 0.0],[5.0, 5.0],[5.0, 5.0],| FV: 0.0011933174224343676
Particle 21: [0.0, 0.0],[0.0, 0.0],[33.0, 9.0],[33.0, 9.0],[44.0, 1.0],[44.0, 1.0],[0.0, 0.0],[0.0, 0.0],[19.0, 10.0],[15.0, 8.0],[15.0, 8.0],[36.0, 2.0],[36.0, 2.0],[0.0, 0.0],[0.0, 0.0],[28.0, 5.0],[28.0, 5.0],[15.0, 6.0],[15.0, 6.0],[0.0, 0.0],[0.0, 0.0],[0.0, 0.0],[0.0, 0.0],[49.0, 3.0],[49.0, 3.0],[49.0, 3.0],[33.0, 12.0],[48.0, 7.0],[48.0, 11.0],[48.0, 11.0],[0.0, 0.0],[0.0, 0.0],[0.0, 0.0],[0.0, 0.0],[8.0, 10.0],[8.0, 10.0],[0.0, 0.0],[0.0, 0.0],[8.0, 4.0],[8.0, 4.0],[0.0, 0.0],[34.0, 12.0],[34.0, 12.0],[0.0, 0.0],[0.0, 0.0],[49.0, 7.0],[49.0, 7.0],[0.0, 0.0],[0.0, 0.0],| FV: 0.0011958345714728326
Particle 22: [0.0, 0.0],[0.0, 0.0],[15.0, 9.0],[15.0, 9.0],[15.0, 2.0],[15.0, 2.0],[32.0, 1.0],[32.0, 1.0],[32.0, 1.0],[1.0, 7.0],[1.0, 7.0],[17.0, 3.0],[17.0, 3.0],[0.0, 0.0],[0.0, 0.0],[15.0, 5.0],[15.0, 5.0],[0.0, 0.0],[0.0, 0.0],[0.0, 0.0],[0.0, 0.0],[0.0, 0.0],[0.0, 0.0],[0.0, 0.0],[0.0, 0.0],[40.0, 12.0],[41.0, 6.0],[8.0, 10.0],[28.0, 11.0],[28.0, 11.0],[0.47, 8.0],[0.47, 8.0],[0.0, 0.0],[0.0, 0.0],[0.0, 0.0],[0.0, 0.0],[0.0, 0.0],[0.0, 0.0],[10.0, 4.0],[10.0, 4.0],[9.0, 6.0],[9.0, 6.0],[41.0, 12.0],[41.0, 12.0],[0.0, 0.0],[0.0, 0.0],[45.0, 10.0],[45.0, 10.0],[0.0, 0.0],| FV: 0.0010679034827928652
Particle 23: [0.0, 0.0],[0.0, 0.0],[36.0, 9.0],[36.0, 9.0],[18.0, 1.0],[18.0, 1.0],[0.0, 0.0],[0.0, 0.0],[40.0, 11.0],[15.0, 7.0],[15.0, 7.0],[0.0, 0.0],[0.0, 0.0],[34.0, 12.0],[34.0, 12.0],[21.0, 5.0],[21.0, 5.0],[9.0, 2.0],[9.0, 2.0],[36.0, 11.0],[36.0, 11.0],[0.0, 0.0],[0.0, 0.0],[16.0, 3.0],[16.0, 3.0],[49.0, 8.0],[46.0, 6.0],[44.0, 3.0],[0.0, 0.0],[0.0, 0.0],[23.0, 10.0],[23.0, 10.0],[0.0, 0.0],[0.0, 0.0],[0.0, 0.0],[0.0, 0.0],[0.0, 0.0],[0.0, 0.0],[27.0, 4.0],[27.0, 4.0],[0.0, 0.0],[0.0, 0.0],[0.0, 0.0],[0.0, 0.0],[0.0, 0.0],[21.0, 6.0],[21.0, 6.0],[15.0, 8.0],[15.0, 8.0],| FV: 0.0015511279769045206
Particle 24: [0.0, 0.0],[0.0, 0.0],[0.0, 0.0],[0.0, 0.0],[42.0, 1.0],[42.0, 1.0],[0.0, 0.0],[0.0, 0.0],[28.0, 8.0],[50.0, 7.0],[50.0, 7.0],[52.0, 2.0],[52.0, 2.0],[49.0, 12.0],[49.0, 12.0],[1.0, 5.0],[1.0, 5.0],[5.0, 3.0],[5.0, 3.0],[0.0, 0.0],[0.0, 0.0],[0.0, 0.0],[0.0, 0.0],[0.0, 0.0],[0.0, 0.0],[0.0, 0.0],[20.0, 6.0],[10.0, 9.0],[42.0, 11.0],[42.0, 11.0],[5.0, 10.0],[5.0, 10.0],[37.0, 6.0],[37.0, 6.0],[0.0, 0.0],[0.0, 0.0],[0.0, 0.0],[0.0, 0.0],[15.0, 4.0],[15.0, 4.0],[53.0, 9.0],[53.0, 9.0],[0.0, 0.0],[0.0, 0.0],[0.0, 0.0],[0.0, 0.0],[0.0, 0.0],[26.0, 8.0],[26.0, 8.0],| FV: 0.0018587360594795538
Particle 25: [25.0, 8.0],[25.0, 8.0],[6.0, 9.0],[6.0, 9.0],[0.0, 0.0],[0.0, 0.0],[0.0, 0.0],[0.0, 0.0],[43.0, 1.0],[11.0, 7.0],[11.0, 7.0],[4.0, 2.0],[4.0, 2.0],[47.0, 12.0],[47.0, 12.0],[0.0, 0.0],[0.0, 0.0],[0.0, 0.0],[0.0, 0.0],[3.0, 11.0],[3.0, 11.0],[29.0, 5.0],[29.0, 5.0],[0.0, 0.0],[0.0, 0.0],[8.0, 5.0],[43.0, 11.0],[22.0, 6.0],[33.0, 3.0],[33.0, 3.0],[9.0, 10.0],[9.0, 10.0],[0.0, 0.0],[0.0, 0.0],[0.0, 0.0],[0.0, 0.0],[0.0, 0.0],[0.0, 0.0],[9.0, 4.0],[9.0, 4.0],[15.0, 6.0],[15.0, 6.0],[0.0, 0.0],[0.0, 0.0],[0.0, 0.0],[0.0, 0.0],[15.0, 1.0],[15.0, 1.0],[0.0, 0.0],| FV: 0.0013477088948787063
Particle 26: [0.0, 0.0],[0.0, 0.0],[0.0, 0.0],[0.0, 0.0],[48.0, 1.0],[48.0, 1.0],[0.0, 0.0],[0.0, 0.0],[18.0, 9.0],[16.0, 7.0],[16.0, 7.0],[26.0, 2.0],[26.0, 2.0],[31.0, 12.0],[31.0, 12.0],[21.0, 5.0],[21.0, 5.0],[7.0, 6.0],[7.0, 6.0],[0.0, 0.0],[0.0, 0.0],[0.0, 0.0],[0.0, 0.0],[20.0, 3.0],[20.0, 3.0],[35.0, 8.0],[44.0, 3.0],[39.0, 4.0],[32.0, 11.0],[32.0, 11.0],[21.0, 10.0],[21.0, 10.0],[0.0, 0.0],[0.0, 0.0],[0.0, 0.0],[0.0, 0.0],[0.0, 0.0],[0.0, 0.0],[0.0, 0.0],[0.0, 0.0],[0.0, 0.0],[0.0, 0.0],[0.0, 0.0],[51.0, 9.0],[51.0, 9.0],[40.0, 4.0],[40.0, 4.0],[44.0, 8.0],[44.0, 8.0],| FV: 0.0015625
Particle 27: [0.0, 0.0],[0.0, 0.0],[49.0, 9.0],[49.0, 9.0],[4.0, 1.0],[4.0, 1.0],[38.0, 2.0],[38.0, 2.0],[38.0, 2.0],[20.0, 7.0],[20.0, 7.0],[0.0, 0.0],[0.0, 0.0],[38.0, 12.0],[38.0, 12.0],[27.0, 5.0],[27.0, 5.0],[43.0, 6.0],[43.0, 6.0],[0.0, 0.0],[0.0, 0.0],[0.0, 0.0],[0.0, 0.0],[48.0, 3.0],[48.0, 3.0],[48.0, 3.0],[0.0, 0.0],[24.0, 8.0],[24.0, 11.0],[24.0, 11.0],[46.0, 10.0],[46.0, 10.0],[0.0, 0.0],[0.0, 0.0],[0.0, 0.0],[0.0, 0.0],[0.0, 0.0],[0.0, 0.0],[7.0, 4.0],[7.0, 4.0],[0.0, 0.0],[0.0, 0.0],[0.0, 0.0],[0.0, 0.0],[0.0, 0.0],[0.0, 0.0],[0.0, 0.0],[20.0, 8.0],[20.0, 8.0],| FV: 0.0018710842075670693
Particle 28: [17.0, 3.0],[17.0, 3.0],[0.0, 0.0],[0.0, 0.0],[48.0, 2.0],[48.0, 2.0],[0.0, 0.0],[0.0, 0.0],[49.0, 9.0],[35.0, 7.0],[35.0, 7.0],[0.0, 0.0],[0.0, 0.0],[26.0, 12.0],[26.0, 12.0],[52.0, 5.0],[52.0, 5.0],[0.0, 0.0],[0.0, 0.0],[0.0, 0.0],[0.0, 0.0],[0.0, 0.0],[0.0, 0.0],[0.0, 0.0],[0.0, 0.0],[19.0, 8.0],[44.0, 1.0],[42.0, 6.0],[18.0, 11.0],[18.0, 11.0],[35.0, 10.0],[35.0, 10.0],[0.0, 0.0],[0.0, 0.0],[0.0, 0.0],[0.0, 0.0],[0.0, 0.0],[0.0, 0.0],[5.0, 4.0],[5.0, 4.0],[39.0, 1.0],[39.0, 1.0],[0.47, 9.0],[0.47, 9.0],[31.0, 6.0],[31.0, 6.0],[0.0, 0.0],[37.0, 8.0],[37.0, 8.0],| FV: 0.001192727871049631
Particle 29: [0.0, 0.0],[0.0, 0.0],[34.0, 9.0],[34.0, 9.0],[0.0, 0.0],[0.0, 0.0],[0.0, 0.0],[0.0, 0.0],[10.0, 1.0],[11.0, 10.0],[11.0, 10.0],[40.0, 3.0],[40.0, 3.0],[16.0, 2.0],[16.0, 2.0],[2.0, 0.47],[2.0, 0.47],[18.0, 4.0],[18.0, 4.0],[38.0, 11.0],[38.0, 11.0],[35.0, 6.0],[35.0, 6.0],[0.0, 0.0],[0.0, 0.0],[12.0, 6.0],[18.0, 8.0],[41.0, 11.0],[1.0, 7.0],[1.0, 7.0],[17.0, 12.0],[17.0, 12.0],[0.0, 0.0],[0.0, 0.0],[0.0, 0.0],[0.0, 0.0],[0.0, 0.0],[0.0, 0.0],[14.0, 5.0],[14.0, 5.0],[20.0, 1.0],[20.0, 1.0],[0.0, 0.0],[0.0, 0.0],[0.0, 0.0],[0.0, 0.0],[0.0, 0.0],[11.0, 8.0],[11.0, 8.0],| FV: 0.0010621640220249326
-----Schedules, Global Best-----
--Group 1:
Monday - 7:30 = -(-)
Monday - 9:00 = -(-)
Monday - 10:30 = Asian Families in America(Room 30X)
Monday - 12:00 = Asian Families in America(Room 30X)
Monday - 13:30 = Intro to Asian Am Pop Culture(Room 1C)
Monday - 15:00 = Intro to Asian Am Pop Culture(Room 1C)
Monday - 16:30 = U.S. Race and Empire(Room 16M)
Monday - 17:30 = U.S. Race and Empire(Room 16M)
Monday - 18:30 = U.S. Race and Empire(Room 16M)
Tuesday - 7:30 = Asian American History(Room 22H)
Tuesday - 9:00 = Asian American History(Room 22H)
Tuesday - 10:30 = -(-)
Tuesday - 12:00 = -(-)
Tuesday - 13:30 = Adv Asian Am Undergrad Reading(Room 16M)
Tuesday - 15:00 = Adv Asian Am Undergrad Reading(Room 16M)
Tuesday - 16:30 = The Politics of Fashion(Room 47D)
Tuesday - 18:00 = The Politics of Fashion(Room 47D)
Wednesday - 7:30 = Constructing Race in America(Room 41A)
Wednesday - 9:00 = Constructing Race in America(Room 41A)
Wednesday - 10:30 = -(-)
Wednesday - 11:30 = -(-)
Wednesday - 12:30 = -(-)
Wednesday - 13:30 = -(-)
Wednesday - 14:30 = US Racial & Ethnic Politics(Room 21C)
Wednesday - 15:30 = US Racial & Ethnic Politics(Room 21C)
Wednesday - 16:30 = US Racial & Ethnic Politics(Room 21C)
Wednesday - 17:30 = -(-)
Wednesday - 18:30 = Food and Asian Americans(Room 13R)
Thursday - 7:30 = Immigration, Law, and Rights(Room 13R)
Thursday - 9:00 = Immigration, Law, and Rights(Room 13R)
Thursday - 10:30 = Race and Cultural Diversity(Room 27S)
Thursday - 12:00 = Race and Cultural Diversity(Room 27S)
Thursday - 13:30 = -(-)
Thursday - 14:30 = -(-)
Thursday - 15:30 = -(-)
Thursday - 16:30 = -(-)
Thursday - 17:30 = -(-)
Thursday - 18:30 = -(-)
Friday - 7:30 = Asian American Youth in Film(Room 51D)
Friday - 9:00 = Asian American Youth in Film(Room 51D)
Friday - 10:30 = -(-)
Friday - 11:30 = -(-)
Friday - 12:30 = -(-)
Friday - 13:30 = -(-)
Friday - 14:30 = -(-)
Friday - 15:30 = -(-)
Friday - 16:30 = -(-)
Friday - 17:30 = Food and Asian Americans(Room 22H)
Friday - 18:30 = Food and Asian Americans(Room 22H)
